time	position_x	position_y	scroll_x	scroll_y
2024-01-10T11:43:41.266Z	500.09860245145154	499.99839235133504	500.09860245145154	499.99839235133504
2024-01-10T11:43:41.385Z	502.5716391957724	500.3078622283012	502.5716391957724	500.3078622283012
2024-01-10T11:43:41.505Z	513.3140255260471	503.40224053319577	513.3140255260471	503.40224053319577
2024-01-10T11:43:41.626Z	540.2766318331865	504.9414786173152	540.2766318331865	504.9414786173152
2024-01-10T11:43:41.746Z	597.7256834806732	504.02512353607335	597.7256834806732	504.02512353607335
2024-01-10T11:43:41.866Z	693.8812462042024	501.6138639672923	693.8812462042024	501.6138639672923
2024-01-10T11:43:41.986Z	804.5280523548038	501.6973487290318	804.5280523548038	501.6973487290318
2024-01-10T11:43:42.106Z	920.0712083041955	501.7876033899103	920.0712083041955	501.7876033899103
2024-01-10T11:43:42.226Z	1026.3552193100822	501.8728152327161	1026.3552193100822	501.8728152327161
2024-01-10T11:43:42.345Z	1115.0301190710861	501.94553699448727	1115.0301190710861	501.94553699448727
2024-01-10T11:43:42.465Z	1183.6125033581075	502.00306724549455	1183.6125033581075	502.00306724549455
2024-01-10T11:43:43.500Z	1261.6033128602803	463.8268915485078	1261.6033128602803	463.8268915485078
2024-01-10T11:43:44.251Z	1291.3573260958403	395.9878049478375	1291.3573260958403	395.9878049478375
2024-01-10T11:43:44.355Z	1185.0795410432715	414.90594325527445	1185.0795410432715	414.90594325527445
2024-01-10T11:43:44.480Z	1119.6124440268934	209.0601487503895	1119.6124440268934	209.0601487503895
2024-01-10T11:43:44.602Z	1146.664342741025	-6.086167476120615	1146.664342741025	-6.086167476120615
2024-01-10T11:43:44.721Z	1099.9509111483603	64.56235347626105	1099.9509111483603	64.56235347626105
2024-01-10T11:43:44.854Z	1088.487010421501	226.5184280045656	1088.487010421501	226.5184280045656
2024-01-10T11:43:44.958Z	1128.1253161040236	209.24947794189916	1128.1253161040236	209.24947794189916
2024-01-10T11:43:45.077Z	1158.5121241085194	143.0114892565286	1158.5121241085194	143.0114892565286
2024-01-10T11:43:45.206Z	1134.3690111432047	196.33935706301295	1134.3690111432047	196.33935706301295
2024-01-10T11:43:45.322Z	1100.3985421777438	172.1500352837769	1100.3985421777438	172.1500352837769
2024-01-10T11:43:45.439Z	1115.187534398818	121.93528833418087	1115.187534398818	121.93528833418087
2024-01-10T11:43:45.555Z	1071.1959093735281	240.3541924179318	1071.1959093735281	240.3541924179318
2024-01-10T11:43:45.677Z	1015.3564523134564	255.70821965757892	1015.3564523134564	255.70821965757892
2024-01-10T11:43:45.799Z	942.9865117954882	241.45211909980185	942.9865117954882	241.45211909980185
2024-01-10T11:43:45.916Z	831.3600760694808	169.0880766499062	831.3600760694808	169.0880766499062
2024-01-10T11:43:46.042Z	664.7096696418554	184.08207058251844	664.7096696418554	184.08207058251844
2024-01-10T11:43:46.159Z	849.1127079207907	232.26918123449812	849.1127079207907	232.26918123449812
2024-01-10T11:43:46.278Z	870.5162354627103	263.6880441147626	870.5162354627103	263.6880441147626
2024-01-10T11:43:46.407Z	728.2994686509769	205.91566067642214	728.2994686509769	205.91566067642214
2024-01-10T11:43:46.525Z	715.3719534382304	278.3730668100878	715.3719534382304	278.3730668100878
2024-01-10T11:43:46.645Z	626.0158579467554	430.351798451919	626.0158579467554	430.351798451919
2024-01-10T11:43:46.766Z	657.8838572214012	374.87570863273777	657.8838572214012	374.87570863273777
2024-01-10T11:43:46.882Z	653.0923806026296	368.6275963020339	653.0923806026296	368.6275963020339
2024-01-10T11:43:46.997Z	724.2209133210454	417.9611009555005	724.2209133210454	417.9611009555005
2024-01-10T11:43:47.116Z	593.9669304107939	483.465284162708	593.9669304107939	483.465284162708
2024-01-10T11:43:47.246Z	590.451904767751	532.1687961751949	590.451904767751	532.1687961751949
2024-01-10T11:43:47.362Z	532.0717325398363	565.0081148319571	532.0717325398363	565.0081148319571
2024-01-10T11:43:47.480Z	577.7660809760106	518.4677347237763	577.7660809760106	518.4677347237763
2024-01-10T11:43:47.595Z	485.7229204982524	547.9599538454897	485.7229204982524	547.9599538454897
2024-01-10T11:43:47.722Z	360.59443897859387	514.7971378593855	360.59443897859387	514.7971378593855
2024-01-10T11:43:47.838Z	212.6538823611296	370.3783619899794	212.6538823611296	370.3783619899794
2024-01-10T11:43:47.955Z	241.78864082841616	408.9467046960024	241.78864082841616	408.9467046960024
2024-01-10T11:43:48.086Z	443.4227987683555	371.7030806896351	443.4227987683555	371.7030806896351
2024-01-10T11:43:48.207Z	389.95301666181405	420.56814898031337	389.95301666181405	420.56814898031337
2024-01-10T11:43:48.326Z	249.31455829001243	513.674377156099	249.31455829001243	513.674377156099
2024-01-10T11:43:48.442Z	60.58322377098681	575.3301152802587	60.58322377098681	575.3301152802587
2024-01-10T11:43:48.560Z	163.9700527320942	593.9255602249021	163.9700527320942	593.9255602249021
2024-01-10T11:43:48.681Z	715.0949264321857	643.3098521400091	715.0949264321857	643.3098521400091
2024-01-10T11:43:48.798Z	829.3034857604521	757.3763264200716	829.3034857604521	757.3763264200716
2024-01-10T11:43:48.917Z	842.3253263418108	776.8418169162301	842.3253263418108	776.8418169162301
2024-01-10T11:43:49.039Z	805.4066126217913	776.9181950669199	805.4066126217913	776.9181950669199
2024-01-10T11:43:49.155Z	751.940788271858	756.4342462755111	751.940788271858	756.4342462755111
2024-01-10T11:43:49.277Z	944.527451906254	637.78544505368	944.527451906254	637.78544505368
2024-01-10T11:43:49.406Z	914.4267741220151	609.2551881722414	914.4267741220151	609.2551881722414
2024-01-10T11:43:49.527Z	842.8734989298227	641.137552408015	842.8734989298227	641.137552408015
2024-01-10T11:43:49.642Z	582.9851476610072	655.2459387205115	582.9851476610072	655.2459387205115
2024-01-10T11:43:49.761Z	375.26253515974713	760.0352404528973	375.26253515974713	760.0352404528973
2024-01-10T11:43:49.882Z	334.362846574619	891.0151653968933	334.362846574619	901.0151653968933
2024-01-10T11:43:49.996Z	448.7287786295501	934.6021798732637	448.7287786295501	963.6021798732637
2024-01-10T11:43:50.117Z	570.0014484156097	908.9851400969626	570.0014484156097	948.9851400969626
2024-01-10T11:43:50.238Z	571.3984127895776	853.0461061974856	571.3984127895776	911.0461061974856
2024-01-10T11:43:50.355Z	434.9028212776726	882.8402659050896	434.9028212776726	957.8402659050896
2024-01-10T11:43:50.488Z	503.66440992929455	802.0689906428094	503.66440992929455	892.0689906428094
2024-01-10T11:43:50.606Z	703.7772533417485	666.4807405891627	703.7772533417485	756.4807405891627
2024-01-10T11:43:50.724Z	697.734093333443	659.7320952208462	697.734093333443	749.7320952208462
2024-01-10T11:43:50.844Z	805.1102450929275	655.9349754084406	805.1102450929275	745.9349754084406
2024-01-10T11:43:50.961Z	828.6975749047585	660.9843667170531	828.6975749047585	750.9843667170531
2024-01-10T11:43:51.079Z	793.0331786574855	572.9745356264459	793.0331786574855	662.9745356264459
2024-01-10T11:43:51.196Z	686.717766770128	429.84279518149623	686.717766770128	519.8427951814963
2024-01-10T11:43:51.320Z	513.6395675708837	371.83873049567217	513.6395675708837	461.83873049567217
2024-01-10T11:43:51.441Z	269.94364561834936	457.342415552314	269.94364561834936	547.3424155523139
2024-01-10T11:43:51.560Z	385.1466541634039	569.4625999370779	385.1466541634039	659.4625999370779
2024-01-10T11:43:51.681Z	553.1305583936027	635.0850193604473	553.1305583936027	725.0850193604473
2024-01-10T11:43:51.797Z	580.9909481282406	641.1883192404837	580.9909481282406	731.1883192404837
2024-01-10T11:43:51.919Z	641.5003522264162	533.7459061697568	641.5003522264162	623.7459061697568
2024-01-10T11:43:52.038Z	733.194164139276	471.86111856881104	733.194164139276	561.861118568811
2024-01-10T11:43:52.154Z	770.6428256564735	434.9020506545752	770.6428256564735	524.9020506545752
2024-01-10T11:43:52.279Z	785.3256002874539	437.63819625789864	785.3256002874539	527.6381962578987
2024-01-10T11:43:52.397Z	766.728697840407	457.83731452645384	766.728697840407	547.8373145264538
2024-01-10T11:43:52.520Z	761.086292015788	351.28565196026517	761.086292015788	441.28565196026517
2024-01-10T11:43:52.640Z	821.2482627662473	350.6743931819877	821.2482627662473	440.6743931819877
2024-01-10T11:43:52.755Z	877.4139844180793	392.4781920631308	877.4139844180793	482.4781920631308
2024-01-10T11:43:52.875Z	874.3735595691717	370.76086427448695	874.3735595691717	460.76086427448695
2024-01-10T11:43:53.006Z	727.4057386912696	224.91773208357057	727.4057386912696	314.91773208357057
2024-01-10T11:43:53.127Z	768.1169760263319	236.17640150543036	768.1169760263319	326.17640150543036
2024-01-10T11:43:53.242Z	879.5110310024677	282.44388732241765	879.5110310024677	372.44388732241765
2024-01-10T11:43:53.360Z	978.1641184078871	352.94121504867894	978.1641184078871	442.94121504867894
2024-01-10T11:43:53.479Z	990.0919709860225	363.31811873552306	990.0919709860225	453.31811873552306
2024-01-10T11:43:53.608Z	972.9882513224486	340.41616967987164	972.9882513224486	430.41616967987164
2024-01-10T11:43:53.725Z	982.5831319029282	259.37584346003507	982.5831319029282	349.37584346003507
2024-01-10T11:43:53.845Z	903.5456603956694	345.90040900886	903.5456603956694	435.90040900886
2024-01-10T11:43:53.963Z	974.4665669890733	299.8425239736833	974.4665669890733	389.8425239736833
2024-01-10T11:43:54.077Z	912.9519739748118	229.92218772586864	912.9519739748118	319.92218772586864
2024-01-10T11:43:54.208Z	632.6715760089229	383.28807093772286	632.6715760089229	473.28807093772286
2024-01-10T11:43:54.320Z	370.17744502014506	610.2705003938514	370.17744502014506	700.2705003938514
2024-01-10T11:43:54.435Z	466.4067189223457	710.1950412582734	466.4067189223457	800.1950412582734
2024-01-10T11:43:54.555Z	789.4794793908927	435.71884254410975	789.4794793908927	525.7188425441097
2024-01-10T11:43:54.680Z	928.1345243463039	87.89718312739285	928.1345243463039	177.89718312739285
2024-01-10T11:43:54.817Z	680.3034810245654	402.6482321457961	680.3034810245654	492.6482321457961
2024-01-10T11:43:54.917Z	699.1047241716186	637.3977178269276	699.1047241716186	727.3977178269276
2024-01-10T11:43:55.039Z	813.9870885768123	470.5981681446582	813.9870885768123	560.5981681446582
2024-01-10T11:43:55.157Z	932.7462266498693	393.40618798788745	932.7462266498693	483.40618798788745
2024-01-10T11:43:55.280Z	1018.4788986069798	342.91290548209355	1018.4788986069798	432.91290548209355
2024-01-10T11:43:55.416Z	870.3611288909667	119.40159258440664	870.3611288909667	209.40159258440664
2024-01-10T11:43:55.519Z	929.6895662842413	218.89933873723524	929.6895662842413	308.8993387372352
2024-01-10T11:43:55.638Z	984.5328758054727	394.51040755790075	984.5328758054727	484.51040755790075
2024-01-10T11:43:55.755Z	734.3444939703071	411.50789962140436	734.3444939703071	501.50789962140436
2024-01-10T11:43:55.877Z	805.7140747464189	257.92530416842567	805.7140747464189	347.92530416842567
2024-01-10T11:43:56.006Z	939.9511858927536	261.9285032908128	939.9511858927536	351.9285032908128
2024-01-10T11:43:56.122Z	951.1894140980395	291.32964036958106	951.1894140980395	381.32964036958106
2024-01-10T11:43:56.242Z	815.2954333175079	185.7133357211443	815.2954333175079	275.7133357211443
2024-01-10T11:43:56.365Z	842.8437425732554	157.32585278475548	842.8437425732554	247.32585278475548
2024-01-10T11:43:56.483Z	879.8731019300501	131.47332823043445	879.8731019300501	221.47332823043445
2024-01-10T11:43:56.599Z	959.505078228129	87.62848314017441	959.505078228129	177.6284831401744
2024-01-10T11:43:56.728Z	1007.9337321954613	120.93058301015634	1007.9337321954613	210.93058301015634
2024-01-10T11:43:56.840Z	1006.9290992041774	95.05367962145803	1006.9290992041774	185.05367962145803
2024-01-10T11:43:56.956Z	1015.389846448888	34.431806443862996	1015.389846448888	124.431806443863
2024-01-10T11:43:57.078Z	1014.0606885609557	31.97369029234035	1014.0606885609557	121.97369029234035
2024-01-10T11:43:57.205Z	942.1298985356318	113.00528692577504	942.1298985356318	203.00528692577504
2024-01-10T11:43:57.321Z	874.3394083597002	107.75775577563644	874.3394083597002	197.75775577563644
2024-01-10T11:43:57.438Z	906.4666172873164	10.919678688634999	906.4666172873164	100.919678688635
2024-01-10T11:43:57.555Z	838.9782916583408	3.0055874513477576	838.9782916583408	93.00558745134776
2024-01-10T11:43:57.677Z	867.8627080891653	4.9729809739319855	867.8627080891653	84.97298097393198
2024-01-10T11:43:57.794Z	1085.0412037398894	-7.974010410435369	1085.0412037398894	67.02598958956463
2024-01-10T11:43:57.920Z	929.0290614867015	191.63147273747452	929.0290614867015	261.6314727374745
2024-01-10T11:43:58.044Z	769.6774883502906	398.30333403105044	769.6774883502906	468.30333403105044
2024-01-10T11:43:58.161Z	784.5788236606062	295.5189641786741	784.5788236606062	365.5189641786741
2024-01-10T11:43:58.281Z	894.6544413316379	122.83199642279666	894.6544413316379	192.83199642279666
2024-01-10T11:43:58.407Z	950.5815721400121	20.16376136636892	950.5815721400121	90.16376136636892
2024-01-10T11:43:58.526Z	1018.3526356770952	47.17363934913024	1018.3526356770952	112.17363934913024
2024-01-10T11:43:58.645Z	1061.2942020232547	172.7056049722076	1061.2942020232547	237.7056049722076
2024-01-10T11:43:58.768Z	978.5936843583307	350.31467036724086	978.5936843583307	415.31467036724086
2024-01-10T11:43:58.883Z	922.8847421613161	313.11044498451383	922.8847421613161	378.11044498451383
2024-01-10T11:43:59.001Z	932.890868376874	269.62871309585194	932.890868376874	334.62871309585194
2024-01-10T11:43:59.117Z	967.1576793625726	137.3407667135075	967.1576793625726	202.3407667135075
2024-01-10T11:43:59.247Z	774.8057165173407	259.8971457566165	774.8057165173407	324.8971457566165
2024-01-10T11:43:59.362Z	727.6644128480297	420.9937397039302	727.6644128480297	485.9937397039302
2024-01-10T11:43:59.489Z	558.5631480372185	582.8347382882064	558.5631480372185	647.8347382882064
2024-01-10T11:43:59.598Z	689.131941437521	531.4281637632298	689.131941437521	596.4281637632298
2024-01-10T11:43:59.734Z	854.2672115501001	482.8126678150307	854.2672115501001	547.8126678150306
2024-01-10T11:43:59.838Z	798.0964090368432	495.33483119495713	798.0964090368432	560.3348311949571
2024-01-10T11:43:59.968Z	942.0292291710766	489.858751664511	942.0292291710766	554.8587516645109
2024-01-10T11:44:00.084Z	974.4483027052089	300.49871537626336	974.4483027052089	365.49871537626336
2024-01-10T11:44:00.204Z	880.9544730032226	349.841481630756	880.9544730032226	414.841481630756
2024-01-10T11:44:00.319Z	871.8125177973964	301.5943855899555	871.8125177973964	366.5943855899555
2024-01-10T11:44:00.444Z	830.8571866757137	9.218678612300955	830.8571866757137	74.21867861230095
2024-01-10T11:44:00.562Z	824.5208801910703	-5.834321851922098	824.5208801910703	54.1656781480779
2024-01-10T11:44:00.681Z	907.5237165114875	157.92342962269322	907.5237165114875	212.92342962269322
2024-01-10T11:44:00.799Z	831.6162702813461	329.7228890281144	831.6162702813461	384.7228890281144
2024-01-10T11:44:00.917Z	706.4524114429395	423.61926748909866	706.4524114429395	478.61926748909866
2024-01-10T11:44:01.036Z	735.5419857383927	385.75344036135795	735.5419857383927	440.75344036135795
2024-01-10T11:44:01.155Z	811.6752819500338	214.13738656742532	811.6752819500338	269.1373865674253
2024-01-10T11:44:01.279Z	924.3534643938291	168.86298215079313	924.3534643938291	223.86298215079313
2024-01-10T11:44:01.398Z	926.620097476309	367.93299021766546	926.620097476309	422.93299021766546
2024-01-10T11:44:01.515Z	854.4458326128046	297.8737140074428	854.4458326128046	352.8737140074428
2024-01-10T11:44:01.635Z	864.6422414109105	187.56448541120588	864.6422414109105	242.56448541120588
2024-01-10T11:44:01.754Z	744.559265966627	248.25155306485885	744.559265966627	303.25155306485885
2024-01-10T11:44:01.880Z	654.9417727817819	183.42981339297341	654.9417727817819	238.42981339297341
2024-01-10T11:44:01.998Z	546.9109885411245	191.0994404876651	546.9109885411245	246.0994404876651
2024-01-10T11:44:02.118Z	814.8389728658722	65.59896936476008	814.8389728658722	120.59896936476008
2024-01-10T11:44:02.240Z	648.684095498531	278.5585632100246	648.684095498531	333.5585632100246
2024-01-10T11:44:02.358Z	738.2255268463679	303.80210572815895	738.2255268463679	358.80210572815895
2024-01-10T11:44:02.476Z	520.2482547491376	508.03131897649786	520.2482547491376	563.0313189764979
2024-01-10T11:44:02.603Z	573.0222905367323	477.9906223950061	573.0222905367323	532.9906223950061
2024-01-10T11:44:02.723Z	716.3508120944979	313.22669275691936	716.3508120944979	368.22669275691936
2024-01-10T11:44:02.837Z	802.6477115481085	285.34571316637226	802.6477115481085	340.34571316637226
2024-01-10T11:44:02.954Z	755.7050513237002	260.29990330854935	755.7050513237002	315.29990330854935
2024-01-10T11:44:03.076Z	779.2371272875179	355.90318214791125	779.2371272875179	410.90318214791125
2024-01-10T11:44:03.196Z	568.0467361428791	351.0794072227686	568.0467361428791	406.0794072227686
2024-01-10T11:44:03.317Z	321.93042241492986	340.29746900806475	321.93042241492986	395.29746900806475
2024-01-10T11:44:03.438Z	368.9040582005041	289.82541756836173	368.9040582005041	344.82541756836173
2024-01-10T11:44:03.555Z	548.9112523952155	189.12520434261552	548.9112523952155	244.12520434261552
2024-01-10T11:44:03.681Z	716.1223261685315	150.1699372382717	716.1223261685315	205.1699372382717
2024-01-10T11:44:03.799Z	710.4182549817599	151.79647281937852	710.4182549817599	206.79647281937852
2024-01-10T11:44:03.918Z	578.967295259664	200.9000400069362	578.967295259664	255.9000400069362
2024-01-10T11:44:04.034Z	507.4507704104412	316.89358828673636	507.4507704104412	371.89358828673636
2024-01-10T11:44:04.154Z	358.6978164870471	437.0471095322733	358.6978164870471	492.0471095322733
2024-01-10T11:44:04.275Z	351.10187360060917	408.12167345207746	351.10187360060917	463.12167345207746
2024-01-10T11:44:04.405Z	447.7878516034249	337.2015318404052	447.7878516034249	392.2015318404052
2024-01-10T11:44:04.522Z	537.4910780601418	300.37467617985794	537.4910780601418	355.37467617985794
2024-01-10T11:44:04.641Z	581.0776017009946	330.63000498325476	581.0776017009946	385.63000498325476
2024-01-10T11:44:04.760Z	355.0891466783047	542.6748196061723	355.0891466783047	597.6748196061723
2024-01-10T11:44:04.878Z	239.46074272504805	732.9915350256852	239.46074272504805	787.9915350256852
2024-01-10T11:44:05.005Z	459.128605766782	735.7622430618237	459.128605766782	790.7622430618237
2024-01-10T11:44:05.121Z	487.7971061552343	717.5590284470552	487.7971061552343	772.5590284470552
2024-01-10T11:44:05.238Z	270.44681979651256	877.6222830625601	270.44681979651256	936.6222830625601
2024-01-10T11:44:05.355Z	317.44522254520854	931.0515106897781	317.44522254520854	1006.0515106897781
2024-01-10T11:44:05.486Z	496.659486969598	775.8256231915263	496.659486969598	875.8256231915263
2024-01-10T11:44:05.606Z	442.38337817336026	588.984889884121	442.38337817336026	688.984889884121
2024-01-10T11:44:05.725Z	790.367015635942	429.6461484560565	790.367015635942	529.6461484560565
2024-01-10T11:44:05.847Z	1163.4527813981626	184.4280432667468	1163.4527813981626	284.42804326674684
2024-01-10T11:44:05.955Z	1065.395333274226	153.08823975772108	1065.395333274226	253.08823975772108
2024-01-10T11:44:06.083Z	986.7906257615485	110.48815757619755	986.7906257615485	210.48815757619755
2024-01-10T11:44:06.200Z	935.8968064608866	196.26379381418593	935.8968064608866	296.26379381418593
2024-01-10T11:44:06.315Z	1057.9515836900716	280.1848306151105	1057.9515836900716	380.1848306151105
2024-01-10T11:44:06.447Z	934.9948586352622	346.4063515325724	934.9948586352622	446.4063515325724
2024-01-10T11:44:06.565Z	812.080037222258	464.1370824732228	812.080037222258	564.1370824732228
2024-01-10T11:44:06.683Z	1042.367081074146	288.9391728982215	1042.367081074146	388.9391728982215
2024-01-10T11:44:06.798Z	1046.1941909337734	242.66942580750043	1046.1941909337734	342.66942580750043
2024-01-10T11:44:06.921Z	913.9375748273513	125.3614693945971	913.9375748273513	225.3614693945971
2024-01-10T11:44:07.038Z	853.7039028657894	126.40960196254392	853.7039028657894	226.40960196254392
2024-01-10T11:44:07.154Z	952.093125628967	133.4133696292197	952.093125628967	233.4133696292197
2024-01-10T11:44:07.286Z	981.462919113927	132.04406911367784	981.462919113927	232.04406911367784
2024-01-10T11:44:07.406Z	817.0173076750548	179.0995840503531	817.0173076750548	279.0995840503531
2024-01-10T11:44:07.523Z	845.3560881416524	245.53545726539775	845.3560881416524	345.5354572653978
2024-01-10T11:44:07.641Z	829.3360384917419	266.28162713502695	829.3360384917419	366.28162713502695
2024-01-10T11:44:07.758Z	776.5314887064225	357.1562937453459	776.5314887064225	457.1562937453459
2024-01-10T11:44:07.877Z	679.9435796043961	505.0399296430082	679.9435796043961	605.0399296430082
2024-01-10T11:44:07.996Z	458.42359702136673	709.7928308468398	458.42359702136673	809.7928308468398
2024-01-10T11:44:08.115Z	798.7264572963671	512.0191109089903	798.7264572963671	612.0191109089903
2024-01-10T11:44:08.249Z	1022.7266124747064	278.9909254285054	1022.7266124747064	378.9909254285054
2024-01-10T11:44:08.366Z	952.7472949752482	241.00323407822148	952.7472949752482	341.00323407822145
2024-01-10T11:44:08.482Z	833.6104509916813	338.63247920221886	833.6104509916813	438.63247920221886
2024-01-10T11:44:08.599Z	716.33876644218	527.7741228372136	716.33876644218	627.7741228372136
2024-01-10T11:44:08.721Z	624.0133649638026	588.0423956211457	624.0133649638026	688.0423956211457
2024-01-10T11:44:08.838Z	795.1802345665191	549.5451624864438	795.1802345665191	649.5451624864438
2024-01-10T11:44:08.956Z	663.2689110635198	629.1494833284852	663.2689110635198	729.1494833284852
2024-01-10T11:44:09.077Z	636.1849451471463	715.2656845912045	636.1849451471463	815.2656845912045
2024-01-10T11:44:09.206Z	570.2752887980746	828.5426119862177	570.2752887980746	928.5426119862177
2024-01-10T11:44:09.322Z	523.6656708039127	920.6081539194283	523.6656708039127	1030.6081539194283
2024-01-10T11:44:09.439Z	580.7442149751121	674.0491937664506	580.7442149751121	799.0491937664506
2024-01-10T11:44:09.557Z	570.8565611553155	595.1445899345601	570.8565611553155	725.1445899345601
2024-01-10T11:44:09.678Z	753.1670798310107	604.4064206450926	753.1670798310107	734.4064206450926
2024-01-10T11:44:09.807Z	907.4721151574776	623.7378109708123	907.4721151574776	753.7378109708123
2024-01-10T11:44:09.922Z	882.2517720356208	637.5209053832507	882.2517720356208	767.5209053832507
2024-01-10T11:44:10.040Z	812.4660278872277	520.5608302122656	812.4660278872277	650.5608302122656
2024-01-10T11:44:10.154Z	704.40318449622	564.4679429721685	704.40318449622	694.4679429721685
2024-01-10T11:44:10.285Z	759.1324981569396	578.8353489729442	759.1324981569396	708.8353489729442
2024-01-10T11:44:10.404Z	810.4125531297653	478.2308841359705	810.4125531297653	608.2308841359704
2024-01-10T11:44:10.526Z	956.4401263082718	280.909536905388	956.4401263082718	410.909536905388
2024-01-10T11:44:10.641Z	1116.7254085117381	202.59774453593434	1116.7254085117381	332.59774453593434
2024-01-10T11:44:10.754Z	1138.7244365682632	97.3817583551823	1138.7244365682632	227.38175835518228
2024-01-10T11:44:10.878Z	1162.0795270513165	-88.1506237429809	1162.0795270513165	36.8493762570191
2024-01-10T11:44:11.006Z	1116.6633722112758	-128.94080436538675	1116.6633722112758	-19.940804365386754
2024-01-10T11:44:11.120Z	1009.2442873773383	-32.342153478546074	1009.2442873773383	57.657846521453926
2024-01-10T11:44:11.238Z	1069.2628165581007	-11.046269413662406	1069.2628165581007	59.95373058633759
2024-01-10T11:44:11.354Z	1106.0422821124428	-63.50015749856861	1106.0422821124428	-3.500157498568612
2024-01-10T11:44:11.474Z	984.3485334728575	-51.57468524861784	984.3485334728575	-11.57468524861784
2024-01-10T11:44:11.605Z	892.2610105494268	184.76549086479443	892.2610105494268	209.76549086479443
2024-01-10T11:44:11.728Z	773.5005282126962	468.8559018487959	773.5005282126962	493.8559018487959
2024-01-10T11:44:11.839Z	613.7966658759484	685.4331540948513	613.7966658759484	710.4331540948513
2024-01-10T11:44:11.957Z	786.6097515411624	721.050552369965	786.6097515411624	746.050552369965
2024-01-10T11:44:12.077Z	944.1095320237571	605.2249966538167	944.1095320237571	630.2249966538167
2024-01-10T11:44:12.208Z	1018.3025185869172	527.7918069428082	1018.3025185869172	552.7918069428082
2024-01-10T11:44:12.322Z	1060.3053061124792	463.2185658523001	1060.3053061124792	488.2185658523001
2024-01-10T11:44:12.442Z	1099.606889503675	596.1350693880728	1099.606889503675	621.1350693880728
2024-01-10T11:44:12.558Z	843.2157273705177	739.451897763031	843.2157273705177	764.451897763031
2024-01-10T11:44:12.676Z	749.0962912867384	601.9640919513682	749.0962912867384	626.9640919513682
2024-01-10T11:44:12.805Z	608.1688419975143	606.8631903029346	608.1688419975143	631.8631903029346
2024-01-10T11:44:12.925Z	525.5810185112662	717.3780210281822	525.5810185112662	742.3780210281822
2024-01-10T11:44:13.039Z	435.88333221803396	741.2792754404953	435.88333221803396	766.2792754404953
2024-01-10T11:44:13.154Z	458.77369834417004	749.9330357465446	458.77369834417004	774.9330357465446
2024-01-10T11:44:13.277Z	419.67536470267044	694.3302851668851	419.67536470267044	719.3302851668851
2024-01-10T11:44:13.405Z	343.5435933128092	619.3768348269483	343.5435933128092	644.3768348269483
2024-01-10T11:44:13.521Z	429.5146849584417	603.156202227126	429.5146849584417	628.156202227126
2024-01-10T11:44:13.639Z	473.88392653387564	626.668642248838	473.88392653387564	651.668642248838
2024-01-10T11:44:13.756Z	328.7724705631187	613.5036141464078	328.7724705631187	638.5036141464078
2024-01-10T11:44:13.877Z	321.27396190076394	544.9889805407793	321.27396190076394	569.9889805407793
2024-01-10T11:44:14.007Z	177.9982208804632	583.709983017563	177.9982208804632	608.709983017563
2024-01-10T11:44:14.120Z	120.32001729756253	767.0739221046455	120.32001729756253	792.0739221046455
2024-01-10T11:44:14.237Z	111.7907974591692	916.3683769370705	111.7907974591692	946.3683769370705
2024-01-10T11:44:14.355Z	85.1905514190054	888.366882865315	85.1905514190054	933.366882865315
2024-01-10T11:44:14.479Z	176.4775803448746	758.8053568192443	176.4775803448746	813.8053568192443
2024-01-10T11:44:14.598Z	575.0570405506774	629.609435216854	575.0570405506774	684.609435216854
2024-01-10T11:44:14.724Z	821.7899871266693	672.8020387574842	821.7899871266693	727.8020387574842
2024-01-10T11:44:14.839Z	829.4914182880431	663.2693802332788	829.4914182880431	718.2693802332788
2024-01-10T11:44:14.955Z	827.0092600355841	612.5037914099962	827.0092600355841	667.5037914099962
2024-01-10T11:44:15.077Z	823.5877760024878	636.5343082569356	823.5877760024878	691.5343082569356
2024-01-10T11:44:15.206Z	956.981132418855	508.4009447227104	956.981132418855	563.4009447227104
2024-01-10T11:44:15.327Z	888.1392832744168	464.35463875700776	888.1392832744168	519.3546387570077
2024-01-10T11:44:15.439Z	818.2169115877387	577.6407801498898	818.2169115877387	632.6407801498898
2024-01-10T11:44:15.556Z	764.278150671279	639.7427122182047	764.278150671279	694.7427122182047
2024-01-10T11:44:15.676Z	717.0581950142138	710.3686751006755	717.0581950142138	765.3686751006755
2024-01-10T11:44:15.807Z	1011.2861474677404	540.8508287591868	1011.2861474677404	595.8508287591868
2024-01-10T11:44:15.922Z	906.3158816195277	448.6147328899504	906.3158816195277	503.6147328899504
2024-01-10T11:44:16.038Z	950.8679205804517	321.0319948091258	950.8679205804517	376.0319948091258
2024-01-10T11:44:16.154Z	944.0571929476381	291.6080637762353	944.0571929476381	346.6080637762353
2024-01-10T11:44:16.294Z	980.0127293353225	-33.68687814417149	980.0127293353225	21.313121855828513
2024-01-10T11:44:16.405Z	912.7267771548298	-64.99231487807933	912.7267771548298	-18.992314878079327
2024-01-10T11:44:16.520Z	905.7394890876157	-96.39506740161593	905.7394890876157	-66.39506740161593
2024-01-10T11:44:16.642Z	984.2154567492327	78.55963731382542	984.2154567492327	88.55963731382542
2024-01-10T11:44:16.755Z	1005.4246646198129	177.03185139489605	1005.4246646198129	187.03185139489605
2024-01-10T11:44:16.880Z	853.601579264634	471.61291281791176	853.601579264634	481.61291281791176
2024-01-10T11:44:16.999Z	663.9772000566477	535.0983810500873	663.9772000566477	545.0983810500873
2024-01-10T11:44:17.126Z	663.6007427931193	419.60280842374476	663.6007427931193	429.60280842374476
2024-01-10T11:44:17.244Z	681.7134431911404	426.44905215797183	681.7134431911404	436.44905215797183
2024-01-10T11:44:17.355Z	668.5381146674687	459.8867727519729	668.5381146674687	469.8867727519729
2024-01-10T11:44:17.484Z	757.9697665519526	410.39679192544	757.9697665519526	420.39679192544
2024-01-10T11:44:17.605Z	635.2737811956945	478.42491073198073	635.2737811956945	488.42491073198073
2024-01-10T11:44:17.721Z	596.1674356895006	481.38590223318994	596.1674356895006	491.38590223318994
2024-01-10T11:44:17.838Z	573.9895384675374	316.64773016748677	573.9895384675374	326.64773016748677
2024-01-10T11:44:17.954Z	547.6070383425682	276.1613358359116	547.6070383425682	286.1613358359116
2024-01-10T11:44:18.076Z	520.674043650203	330.1148534166033	520.674043650203	340.1148534166033
2024-01-10T11:44:18.207Z	568.0900351229726	261.52829266048514	568.0900351229726	271.52829266048514
2024-01-10T11:44:18.328Z	570.6721807216882	231.29082210782428	570.6721807216882	241.29082210782428
2024-01-10T11:44:18.439Z	574.5328397941912	260.0939531782941	574.5328397941912	270.0939531782941
2024-01-10T11:44:18.554Z	518.5999412307663	268.98438314189775	518.5999412307663	278.98438314189775
2024-01-10T11:44:18.687Z	368.6063943864041	135.96341984061306	368.6063943864041	145.96341984061306
2024-01-10T11:44:18.805Z	313.44758250108816	35.82899076560068	313.44758250108816	45.82899076560068
2024-01-10T11:44:18.918Z	248.07515884003368	207.87547970660376	248.07515884003368	217.87547970660376
2024-01-10T11:44:19.041Z	261.852515445695	470.99040948866843	261.852515445695	480.99040948866843
2024-01-10T11:44:19.158Z	340.005131674297	573.4612885757344	340.005131674297	583.4612885757344
2024-01-10T11:44:19.286Z	334.31961394059545	486.7944594516475	334.31961394059545	496.7944594516475
2024-01-10T11:44:19.405Z	348.20836994677734	500.54762315084633	348.20836994677734	510.54762315084633
2024-01-10T11:44:19.522Z	349.0485763436806	531.1431289048481	349.0485763436806	541.1431289048481
2024-01-10T11:44:19.641Z	490.3495268691282	526.512820833298	490.3495268691282	536.512820833298
2024-01-10T11:44:19.760Z	534.7318482553031	411.68041660705745	534.7318482553031	421.68041660705745
2024-01-10T11:44:19.875Z	499.5268953925205	236.669406568711	499.5268953925205	246.669406568711
2024-01-10T11:44:19.995Z	441.9802463009137	240.0946087738151	441.9802463009137	250.0946087738151
2024-01-10T11:44:20.122Z	435.9712164580141	190.26820811773337	435.9712164580141	200.26820811773337
2024-01-10T11:44:20.246Z	442.0671002033438	322.36244192062486	442.0671002033438	332.36244192062486
2024-01-10T11:44:20.359Z	377.41244880131063	444.72857160407307	377.41244880131063	454.72857160407307
2024-01-10T11:44:20.483Z	83.06962181050216	613.716237225695	83.06962181050216	623.716237225695
2024-01-10T11:44:20.602Z	285.35107008909256	703.7291523682843	285.35107008909256	713.7291523682843
2024-01-10T11:44:20.725Z	382.0026726449214	753.0015332908777	382.0026726449214	763.0015332908777
2024-01-10T11:44:20.847Z	474.81036591128674	764.2936179817884	474.81036591128674	774.2936179817884
2024-01-10T11:44:20.966Z	610.7862029847709	650.8248187706926	610.7862029847709	660.8248187706926
2024-01-10T11:44:21.092Z	349.2842052900355	548.373589127367	349.2842052900355	558.373589127367
2024-01-10T11:44:21.201Z	360.2019079595819	518.3087221979071	360.2019079595819	528.3087221979071
2024-01-10T11:44:21.317Z	431.4602977971524	324.7344810461249	431.4602977971524	334.7344810461249
2024-01-10T11:44:21.439Z	540.6152618127976	368.7508741749402	540.6152618127976	378.7508741749402
2024-01-10T11:44:21.562Z	559.1953875836061	491.88485736130735	559.1953875836061	501.88485736130735
2024-01-10T11:44:21.675Z	550.1172789836511	507.3222813752557	550.1172789836511	517.3222813752557
2024-01-10T11:44:21.808Z	522.9009307412111	730.3973268676644	522.9009307412111	740.3973268676644
2024-01-10T11:44:21.922Z	579.2786858058956	698.7777303373872	579.2786858058956	708.7777303373872
2024-01-10T11:44:22.038Z	685.0435275457749	667.8168394283902	685.0435275457749	677.8168394283902
2024-01-10T11:44:22.156Z	654.4402060659995	660.4903643460378	654.4402060659995	670.4903643460378
2024-01-10T11:44:22.278Z	695.5117744526343	615.6064610708798	695.5117744526343	625.6064610708798
2024-01-10T11:44:22.406Z	715.7819059163654	614.8074338010798	715.7819059163654	624.8074338010798
2024-01-10T11:44:22.526Z	675.4815579760605	550.8199963578201	675.4815579760605	560.8199963578201
2024-01-10T11:44:22.645Z	638.5843818786803	617.5688147045973	638.5843818786803	627.5688147045973
2024-01-10T11:44:22.758Z	633.8344478704046	637.0060941249889	633.8344478704046	647.0060941249889
2024-01-10T11:44:22.885Z	691.7870445247964	643.9457813826073	691.7870445247964	653.9457813826073
2024-01-10T11:44:22.995Z	659.9744436172555	515.7173421851882	659.9744436172555	525.7173421851882
2024-01-10T11:44:23.126Z	721.0030119725214	296.7440593859273	721.0030119725214	306.7440593859273
2024-01-10T11:44:23.241Z	741.179591461113	286.5386385419219	741.179591461113	296.5386385419219
2024-01-10T11:44:23.355Z	675.1724635304624	372.63977610162146	675.1724635304624	382.63977610162146
2024-01-10T11:44:23.475Z	686.714764167226	331.3048601373293	686.714764167226	341.3048601373293
2024-01-10T11:44:23.604Z	712.3164079548881	181.80558497152765	712.3164079548881	191.80558497152765
2024-01-10T11:44:23.719Z	636.6127094236389	100.25504489212176	636.6127094236389	110.25504489212176
2024-01-10T11:44:23.838Z	530.5256663095241	140.88294399848007	530.5256663095241	150.88294399848007
2024-01-10T11:44:23.954Z	629.9156930409209	399.800330591802	629.9156930409209	409.800330591802
2024-01-10T11:44:24.075Z	803.9766586132445	153.1721304045006	803.9766586132445	163.1721304045006
2024-01-10T11:44:24.205Z	773.0820794613726	163.04583756564412	773.0820794613726	173.04583756564412
2024-01-10T11:44:24.319Z	714.2278989207873	187.0008216139292	714.2278989207873	197.0008216139292
2024-01-10T11:44:24.441Z	706.3206915974711	300.5264110004766	706.3206915974711	310.5264110004766
2024-01-10T11:44:24.555Z	688.757131629719	286.0229947458833	688.757131629719	296.0229947458833
2024-01-10T11:44:24.685Z	549.6927635092608	366.2247347139612	549.6927635092608	376.2247347139612
2024-01-10T11:44:24.804Z	377.0816493784044	600.5898325911596	377.0816493784044	610.5898325911596
2024-01-10T11:44:24.918Z	380.33091351982165	662.326315228667	380.33091351982165	672.326315228667
2024-01-10T11:44:25.038Z	459.0988075155614	534.1003861043314	459.0988075155614	544.1003861043314
2024-01-10T11:44:25.158Z	629.0260148918314	270.4911570385273	629.0260148918314	280.4911570385273
2024-01-10T11:44:25.278Z	813.9393994903033	27.0171937463141	813.9393994903033	37.0171937463141
2024-01-10T11:44:25.404Z	805.9952626507358	135.04518236043293	805.9952626507358	145.04518236043293
2024-01-10T11:44:25.520Z	900.0009589457892	115.66415694593903	900.0009589457892	125.66415694593903
2024-01-10T11:44:25.636Z	841.7216658276029	156.44969186380436	841.7216658276029	166.44969186380436
2024-01-10T11:44:25.765Z	896.6589037909497	191.78416744602464	896.6589037909497	201.78416744602464
2024-01-10T11:44:25.877Z	852.2588541091836	147.13569722704722	852.2588541091836	157.13569722704722
2024-01-10T11:44:25.997Z	782.9255604901515	-3.3698162174351523	782.9255604901515	6.630183782564847
2024-01-10T11:44:26.117Z	780.0593239110261	29.355597253890373	780.0593239110261	34.35559725389037
2024-01-10T11:44:26.238Z	973.7964792971803	80.20827172663789	973.7964792971803	85.20827172663789
2024-01-10T11:44:26.354Z	1036.2791645125476	188.55508744264037	1036.2791645125476	193.55508744264037
2024-01-10T11:44:26.479Z	1091.106187846655	265.7896136638592	1091.106187846655	270.7896136638592
2024-01-10T11:44:26.597Z	1093.4195015476616	298.739069370936	1093.4195015476616	303.739069370936
2024-01-10T11:44:26.720Z	941.9834588466592	279.54202303878077	941.9834588466592	284.54202303878077
2024-01-10T11:44:26.835Z	890.923870380392	268.15933866206456	890.923870380392	273.15933866206456
2024-01-10T11:44:26.954Z	866.9167311430539	297.64724025130374	866.9167311430539	302.64724025130374
2024-01-10T11:44:27.079Z	869.0304976708718	184.89479947742956	869.0304976708718	189.89479947742956
2024-01-10T11:44:27.196Z	863.8424157403642	239.27736438873953	863.8424157403642	244.27736438873953
2024-01-10T11:44:27.323Z	933.1234182724272	29.893992711545373	933.1234182724272	34.89399271154537
2024-01-10T11:44:27.437Z	953.8689017393993	208.2797177755802	953.8689017393993	213.2797177755802
2024-01-10T11:44:27.554Z	986.98901180395	208.6449247750228	986.98901180395	213.6449247750228
2024-01-10T11:44:27.685Z	1040.5547580286184	62.631860663348924	1040.5547580286184	67.63186066334893
2024-01-10T11:44:27.806Z	996.8765032159374	131.02347049128113	996.8765032159374	136.02347049128113
2024-01-10T11:44:27.922Z	970.5152521525927	141.1326943563883	970.5152521525927	146.1326943563883
2024-01-10T11:44:28.037Z	906.4693165743099	215.0543756869395	906.4693165743099	220.0543756869395
2024-01-10T11:44:28.154Z	889.1077616063343	90.63946276769478	889.1077616063343	95.63946276769478
2024-01-10T11:44:28.288Z	916.491218838528	55.21742113916667	916.491218838528	55.21742113916667
2024-01-10T11:44:28.404Z	1022.0711100232647	371.1739650938885	1022.0711100232647	371.1739650938885
2024-01-10T11:44:28.529Z	700.9381012371871	529.045402290484	700.9381012371871	529.045402290484
2024-01-10T11:44:28.640Z	802.7123043432894	578.2542059717074	802.7123043432894	578.2542059717074
2024-01-10T11:44:28.755Z	984.9269592385574	360.4751223423525	984.9269592385574	360.4751223423525
2024-01-10T11:44:28.886Z	1066.526228416754	263.4525351709241	1066.526228416754	263.4525351709241
2024-01-10T11:44:29.005Z	959.6496217061847	267.10041085259724	959.6496217061847	267.10041085259724
2024-01-10T11:44:29.128Z	686.5183045728035	285.3260967354177	686.5183045728035	285.3260967354177
2024-01-10T11:44:29.237Z	711.8734831954882	250.09543174315687	711.8734831954882	250.09543174315687
2024-01-10T11:44:29.359Z	774.0197064655283	173.2299648946726	774.0197064655283	173.2299648946726
2024-01-10T11:44:29.486Z	696.3135709459705	254.3230996877383	696.3135709459705	254.3230996877383
2024-01-10T11:44:29.607Z	931.7499366316658	354.40957467600794	931.7499366316658	354.40957467600794
2024-01-10T11:44:29.721Z	1054.6878670015703	97.49857086992041	1054.6878670015703	97.49857086992041
2024-01-10T11:44:29.843Z	1164.300675068996	-13.848455404337122	1164.300675068996	-13.848455404337122
2024-01-10T11:44:29.966Z	1185.9948949578704	37.701714309364206	1185.9948949578704	37.701714309364206
2024-01-10T11:44:30.081Z	1182.3015131521236	-33.89582006078471	1182.3015131521236	-33.89582006078471
2024-01-10T11:44:30.198Z	1071.0067964005227	70.49729142598026	1071.0067964005227	70.49729142598026
2024-01-10T11:44:30.317Z	1000.9585371546042	190.29108448696914	1000.9585371546042	190.29108448696914
2024-01-10T11:44:30.439Z	902.5632936024197	400.17509564703266	902.5632936024197	400.17509564703266
2024-01-10T11:44:30.559Z	616.6881955253219	618.3238450951526	616.6881955253219	618.3238450951526
2024-01-10T11:44:30.681Z	322.3516997917212	661.7549048259906	322.3516997917212	661.7549048259906
2024-01-10T11:44:30.796Z	283.812524505129	395.1391708277059	283.812524505129	395.1391708277059
2024-01-10T11:44:30.925Z	414.37664547451743	427.927438239464	414.37664547451743	427.927438239464
2024-01-10T11:44:31.044Z	970.187348901639	236.58468889852477	970.187348901639	236.58468889852477
2024-01-10T11:44:31.165Z	1045.4681387501919	182.720481779713	1045.4681387501919	182.720481779713
2024-01-10T11:44:31.286Z	951.7943006255216	312.45152628450035	951.7943006255216	312.45152628450035
2024-01-10T11:44:31.405Z	718.8778039783258	405.0228146655718	718.8778039783258	405.0228146655718
2024-01-10T11:44:31.519Z	581.5920919618563	318.00457079498364	581.5920919618563	318.00457079498364
2024-01-10T11:44:31.640Z	488.44780780722215	99.24659948071823	488.44780780722215	99.24659948071823
2024-01-10T11:44:31.762Z	556.8755873526823	7.907345404446453	556.8755873526823	7.907345404446453
2024-01-10T11:44:31.879Z	485.6475271398449	157.14249186145832	485.6475271398449	157.14249186145832
2024-01-10T11:44:31.998Z	388.4270143153556	177.56753619394124	388.4270143153556	177.56753619394124
2024-01-10T11:44:32.115Z	452.09746202634113	145.10463838384896	452.09746202634113	145.10463838384896
2024-01-10T11:44:32.242Z	423.15507489005137	322.965452759811	423.15507489005137	322.965452759811
2024-01-10T11:44:32.356Z	474.16688891703575	370.4706794539585	474.16688891703575	370.4706794539585
2024-01-10T11:44:32.478Z	649.4715172890396	278.15846701367786	649.4715172890396	278.15846701367786
2024-01-10T11:44:32.599Z	592.753900355264	250.11938204135666	592.753900355264	250.11938204135666
2024-01-10T11:44:32.717Z	505.7674421534563	178.4617208910661	505.7674421534563	178.4617208910661
2024-01-10T11:44:32.843Z	597.6709727002896	330.9460717896699	597.6709727002896	330.9460717896699
2024-01-10T11:44:32.961Z	572.6975942767184	406.3616524621175	572.6975942767184	406.3616524621175
2024-01-10T11:44:33.075Z	670.974719638695	407.29132783719086	670.974719638695	407.29132783719086
2024-01-10T11:44:33.196Z	689.4914927295208	365.61105067006184	689.4914927295208	365.61105067006184
2024-01-10T11:44:33.320Z	717.8269421330746	350.5916073582565	717.8269421330746	350.5916073582565
2024-01-10T11:44:33.435Z	780.2545729722492	382.83963835081386	780.2545729722492	382.83963835081386
2024-01-10T11:44:33.554Z	779.326421522064	272.6050931527448	779.326421522064	272.6050931527448
2024-01-10T11:44:33.677Z	839.3188988995872	274.94329762535705	839.3188988995872	274.94329762535705
2024-01-10T11:44:33.796Z	829.4089787882637	224.6620028852433	829.4089787882637	224.6620028852433
2024-01-10T11:44:33.915Z	862.9501558145564	94.9266542234732	862.9501558145564	94.9266542234732
2024-01-10T11:44:34.044Z	918.9626744922784	178.07938234908855	918.9626744922784	178.07938234908855
2024-01-10T11:44:34.158Z	718.0027262395632	155.6388535018387	718.0027262395632	155.6388535018387
2024-01-10T11:44:34.274Z	701.5489048451041	74.78089460569603	701.5489048451041	74.78089460569603
2024-01-10T11:44:34.404Z	887.9144246417887	48.38051151239766	887.9144246417887	48.38051151239766
2024-01-10T11:44:34.515Z	986.163685682371	37.76521038277387	986.163685682371	37.76521038277387
2024-01-10T11:44:34.642Z	1029.3711217694934	171.1151722106091	1029.3711217694934	171.1151722106091
2024-01-10T11:44:34.756Z	834.7277881924531	149.49727519182872	834.7277881924531	149.49727519182872
2024-01-10T11:44:34.884Z	547.0444074557331	294.28261938371935	547.0444074557331	294.28261938371935
2024-01-10T11:44:35.004Z	663.9765845448798	243.57262164855842	663.9765845448798	243.57262164855842
2024-01-10T11:44:35.119Z	896.1187830757684	194.91666641994124	896.1187830757684	194.91666641994124
2024-01-10T11:44:35.237Z	948.495334727769	180.75542832457432	948.495334727769	180.75542832457432
2024-01-10T11:44:35.374Z	850.3442821299894	100.39737020526022	850.3442821299894	100.39737020526022
2024-01-10T11:44:35.488Z	941.1248431006786	142.6051103630808	941.1248431006786	142.6051103630808
2024-01-10T11:44:35.603Z	997.3084690425591	99.93345510119916	997.3084690425591	99.93345510119916
2024-01-10T11:44:35.718Z	984.9602299490347	-19.869192319165087	984.9602299490347	-19.869192319165087
2024-01-10T11:44:35.838Z	910.959769567499	-52.50164604747734	910.959769567499	-52.50164604747734
2024-01-10T11:44:35.954Z	816.1849481523423	-91.33647272390745	816.1849481523423	-91.33647272390745
2024-01-10T11:44:36.083Z	521.1299400908447	288.4617061799449	521.1299400908447	288.4617061799449
2024-01-10T11:44:36.204Z	698.9457870407055	359.5989752537082	698.9457870407055	359.5989752537082
2024-01-10T11:44:36.318Z	828.324816347565	329.6903652787667	828.324816347565	329.6903652787667
2024-01-10T11:44:36.440Z	938.4551175713314	208.85422466379268	938.4551175713314	208.85422466379268
2024-01-10T11:44:36.554Z	857.471687837198	71.3497808992434	857.471687837198	71.3497808992434
2024-01-10T11:44:36.686Z	1033.3564268096006	-4.209805088584748	1033.3564268096006	-4.209805088584748
2024-01-10T11:44:36.802Z	1012.3947576814844	179.01904541544374	1012.3947576814844	179.01904541544374
2024-01-10T11:44:36.915Z	964.9659011540963	183.02176070969162	964.9659011540963	183.02176070969162
2024-01-10T11:44:37.045Z	904.6928388251854	270.0280023903263	904.6928388251854	270.0280023903263
2024-01-10T11:44:37.162Z	872.6104798903831	207.69317435736278	872.6104798903831	207.69317435736278
2024-01-10T11:44:37.285Z	955.583254143302	165.7932791238417	955.583254143302	165.7932791238417
2024-01-10T11:44:37.405Z	994.3166490372981	287.97239183738156	994.3166490372981	287.97239183738156
2024-01-10T11:44:37.515Z	1001.3116370487146	282.46376324076414	1001.3116370487146	282.46376324076414