time	position_x	position_y	scroll_x	scroll_y
2024-01-10T11:15:08.780Z	499.9222969811931	499.7138385376351	499.9222969811931	499.7138385376351
2024-01-10T11:15:08.900Z	499.2285490466066	497.4219816667735	499.2285490466066	497.4219816667735
2024-01-10T11:15:09.020Z	494.007953847253	491.4263966396006	494.007953847253	491.4263966396006
2024-01-10T11:15:09.139Z	476.872337915909	475.4374285537182	476.872337915909	475.4374285537182
2024-01-10T11:15:09.260Z	457.8514212922832	446.6377112460602	457.8514212922832	446.6377112460602
2024-01-10T11:15:09.380Z	423.41558269682224	408.7553314202336	423.41558269682224	408.7553314202336
2024-01-10T11:15:09.500Z	401.51577277100046	353.4452320667687	401.51577277100046	353.4452320667687
2024-01-10T11:15:09.620Z	365.1768436739777	279.2040989242351	365.1768436739777	279.2040989242351
2024-01-10T11:15:09.740Z	336.74386846719983	251.3188727309357	336.74386846719983	251.3188727309357
2024-01-10T11:15:09.860Z	318.4591379404957	199.25163776192204	318.4591379404957	199.25163776192204
2024-01-10T11:15:10.099Z	259.77290702450864	176.01469521594848	259.77290702450864	176.01469521594848
2024-01-10T11:15:10.220Z	272.6460253397031	173.04299740835893	272.6460253397031	173.04299740835893
2024-01-10T11:15:10.340Z	231.5788132688472	116.18218516000644	231.5788132688472	116.18218516000644
2024-01-10T11:15:10.460Z	253.35826935500614	108.00116482726006	253.35826935500614	108.00116482726006
2024-01-10T11:15:10.580Z	257.80966807469036	92.45083144794243	257.80966807469036	92.45083144794243
2024-01-10T11:15:10.700Z	261.4686184262567	97.85046901497756	261.4686184262567	97.85046901497756
2024-01-10T11:15:10.820Z	225.43357390137726	114.77964134598005	225.43357390137726	114.77964134598005
2024-01-10T11:15:10.940Z	220.8277143801379	124.54693737950541	220.8277143801379	124.54693737950541
2024-01-10T11:15:11.060Z	235.78860255596584	157.8582997515935	235.78860255596584	157.8582997515935
2024-01-10T11:15:11.180Z	230.51708582755	138.03163054316062	230.51708582755	138.03163054316062
2024-01-10T11:15:11.300Z	266.96950944578435	167.33806146357972	266.96950944578435	167.33806146357972
2024-01-10T11:15:11.420Z	265.9018417253052	137.66722721375123	265.9018417253052	137.66722721375123
2024-01-10T11:15:12.484Z	335.7599256603724	162.0404985913639	335.7599256603724	162.0404985913639
2024-01-10T11:15:13.537Z	312.15957121242917	144.0330847382636	312.15957121242917	144.0330847382636
2024-01-10T11:15:13.648Z	100.78291653455608	165.14407586125714	100.78291653455608	165.14407586125714
2024-01-10T11:15:13.763Z	-90.60559937414573	208.0933044270128	-90.60559937414573	208.0933044270128
2024-01-10T11:15:13.886Z	46.29908964999821	108.4636035563419	46.29908964999821	108.4636035563419
2024-01-10T11:15:14.008Z	112.85644432555605	199.14802052296088	112.85644432555605	199.14802052296088
2024-01-10T11:15:14.120Z	302.55804566283837	148.50826917587025	302.55804566283837	148.50826917587025
2024-01-10T11:15:14.254Z	138.11075656068402	273.13458720959426	138.11075656068402	273.13458720959426
2024-01-10T11:15:14.365Z	89.9646773878255	317.49946234072127	89.9646773878255	317.49946234072127
2024-01-10T11:15:14.485Z	68.72709382705216	246.61427931091887	68.72709382705216	246.61427931091887
2024-01-10T11:15:14.603Z	122.28728927548616	267.99245383923125	122.28728927548616	267.99245383923125
2024-01-10T11:15:14.723Z	332.48250723100693	278.6723258226773	332.48250723100693	278.6723258226773
2024-01-10T11:15:14.841Z	338.8696306248585	286.0488455016897	338.8696306248585	286.0488455016897
2024-01-10T11:15:14.972Z	318.8736470761992	207.59897588812387	318.8736470761992	207.59897588812387
2024-01-10T11:15:15.084Z	326.962148081844	167.91947839708547	326.962148081844	167.91947839708547
2024-01-10T11:15:15.204Z	335.4541018476106	166.32104688209563	335.4541018476106	166.32104688209563
2024-01-10T11:15:15.331Z	513.5590927536786	152.355932616645	513.5590927536786	152.355932616645
2024-01-10T11:15:15.444Z	623.4218217639449	175.16907782805316	623.4218217639449	175.16907782805316
2024-01-10T11:15:15.563Z	560.6700457633378	187.07919686651505	560.6700457633378	187.07919686651505
2024-01-10T11:15:15.685Z	501.4632370033019	98.93220356825223	501.4632370033019	98.93220356825223
2024-01-10T11:15:15.811Z	663.2753370049772	60.25955222772523	663.2753370049772	60.25955222772523
2024-01-10T11:15:15.934Z	733.8102086775663	26.856500241345596	733.8102086775663	26.856500241345596
2024-01-10T11:15:16.054Z	754.5477724426513	12.679263133199544	754.5477724426513	12.679263133199544
2024-01-10T11:15:16.170Z	814.6454573689102	81.33762848395432	814.6454573689102	81.33762848395432
2024-01-10T11:15:16.302Z	842.0997043223905	28.367069239789572	842.0997043223905	28.367069239789572
2024-01-10T11:15:16.423Z	835.3702580994913	47.64390830202641	835.3702580994913	47.64390830202641
2024-01-10T11:15:16.540Z	842.8290205077656	71.34490726602674	842.8290205077656	71.34490726602674
2024-01-10T11:15:16.674Z	875.5854359628635	123.19413851892128	875.5854359628635	123.19413851892128
2024-01-10T11:15:16.793Z	1171.6657924524907	84.66814436583971	1171.6657924524907	84.66814436583971
2024-01-10T11:15:16.924Z	1372.4856854115003	17.055418411985755	1372.4856854115003	17.055418411985755
2024-01-10T11:15:17.030Z	1340.2789111804134	5.265420118469869	1340.2789111804134	5.265420118469869
2024-01-10T11:15:17.163Z	1367.4598073864338	110.72229576068085	1367.4598073864338	110.72229576068085
2024-01-10T11:15:17.283Z	1300.3560904208061	130.01445928860588	1300.3560904208061	130.01445928860588
2024-01-10T11:15:17.402Z	1274.3915540402904	189.85024821164896	1274.3915540402904	189.85024821164896
2024-01-10T11:15:17.532Z	1193.1342700595087	175.0417271426308	1193.1342700595087	175.0417271426308
2024-01-10T11:15:17.673Z	1254.931016328539	188.97178517749032	1254.931016328539	188.97178517749032
2024-01-10T11:15:17.794Z	1304.7781477005033	240.8298129281337	1304.7781477005033	240.8298129281337
2024-01-10T11:15:17.905Z	1218.7213148590595	179.63464334329075	1218.7213148590595	179.63464334329075
2024-01-10T11:15:18.033Z	1234.5945592128858	169.5257558556781	1234.5945592128858	169.5257558556781
2024-01-10T11:15:18.153Z	1239.7467666195157	288.4542867847284	1239.7467666195157	288.4542867847284
2024-01-10T11:15:18.261Z	1300.7159354809312	327.369493912162	1300.7159354809312	327.369493912162
2024-01-10T11:15:18.383Z	1332.0300738323826	317.498618337351	1332.0300738323826	317.498618337351
2024-01-10T11:15:18.513Z	1293.4603249574366	276.99038442601454	1293.4603249574366	276.99038442601454
2024-01-10T11:15:18.622Z	1311.200284431922	251.70044879252157	1311.200284431922	251.70044879252157
2024-01-10T11:15:18.751Z	1131.9026981216748	144.39052780740445	1131.9026981216748	144.39052780740445
2024-01-10T11:15:18.869Z	1160.7516289470595	148.66933921648513	1160.7516289470595	148.66933921648513
2024-01-10T11:15:18.980Z	1221.858680932873	181.03870350449026	1221.858680932873	181.03870350449026
2024-01-10T11:15:19.101Z	1198.4209794958847	186.1831833334269	1198.4209794958847	186.1831833334269
2024-01-10T11:15:19.232Z	1221.5719991212552	298.98156992688746	1221.5719991212552	298.98156992688746
2024-01-10T11:15:19.353Z	1279.8335877075062	557.5506530079573	1279.8335877075062	557.5506530079573
2024-01-10T11:15:19.459Z	1307.6858099041237	464.57749327468076	1307.6858099041237	464.57749327468076
2024-01-10T11:15:19.603Z	1237.8112057142528	300.40390691620706	1237.8112057142528	300.40390691620706
2024-01-10T11:15:19.744Z	1072.7810759718202	181.50812807500907	1072.7810759718202	181.50812807500907
2024-01-10T11:15:19.850Z	1041.5351048899454	139.48528060815414	1041.5351048899454	139.48528060815414
2024-01-10T11:15:19.969Z	1133.4331176720677	194.10202162892938	1133.4331176720677	194.10202162892938
2024-01-10T11:15:20.103Z	1274.1844776588391	229.1423132586797	1274.1844776588391	229.1423132586797
2024-01-10T11:15:20.218Z	1329.1149124215035	254.9742966026774	1329.1149124215035	254.9742966026774
2024-01-10T11:15:20.343Z	1314.142359012831	266.9301078401941	1314.142359012831	266.9301078401941
2024-01-10T11:15:20.454Z	1297.191000455841	239.1683375840925	1297.191000455841	239.1683375840925
2024-01-10T11:15:20.570Z	1131.826701701587	144.27326805819274	1131.826701701587	144.27326805819274
2024-01-10T11:15:20.691Z	1233.6108271055805	283.1390145566832	1233.6108271055805	283.1390145566832
2024-01-10T11:15:20.820Z	1170.8515391059027	208.06757908035013	1170.8515391059027	208.06757908035013
2024-01-10T11:15:20.938Z	1190.9889628244687	180.33170484397033	1190.9889628244687	180.33170484397033
2024-01-10T11:15:21.061Z	1121.8443000539207	121.15184665162063	1121.8443000539207	121.15184665162063
2024-01-10T11:15:21.173Z	1198.3678074740092	169.4840902377263	1198.3678074740092	169.4840902377263
2024-01-10T11:15:21.289Z	1222.9760174275484	138.34567896744218	1222.9760174275484	138.34567896744218
2024-01-10T11:15:21.412Z	1194.0208232439077	61.943704832682435	1194.0208232439077	61.943704832682435
2024-01-10T11:15:21.531Z	1165.5973432864753	70.12524700105523	1165.5973432864753	70.12524700105523
2024-01-10T11:15:21.653Z	1251.2516425744054	498.1496799632399	1251.2516425744054	498.1496799632399
2024-01-10T11:15:21.780Z	1279.0483454057626	703.9946896100253	1279.0483454057626	703.9946896100253
2024-01-10T11:15:21.902Z	1135.099907272951	776.8182534366351	1135.099907272951	776.8182534366351
2024-01-10T11:15:22.011Z	1032.2669779401642	674.2302126874905	1032.2669779401642	674.2302126874905
2024-01-10T11:15:22.142Z	1002.6792017912813	461.0378809631004	1002.6792017912813	461.0378809631004
2024-01-10T11:15:22.250Z	952.341222828979	391.32948680510384	952.341222828979	391.32948680510384
2024-01-10T11:15:22.383Z	958.9380348639751	271.7652881521257	958.9380348639751	271.7652881521257
2024-01-10T11:15:22.503Z	1006.5410513583794	281.75664968560955	1006.5410513583794	281.75664968560955
2024-01-10T11:15:22.617Z	887.3826284549461	265.26323186237846	887.3826284549461	265.26323186237846
2024-01-10T11:15:22.749Z	828.4550775834731	312.10998553858417	828.4550775834731	312.10998553858417
2024-01-10T11:15:22.883Z	761.9288478854296	320.98583045682125	761.9288478854296	320.98583045682125
2024-01-10T11:15:23.017Z	546.6023790676925	238.15122772346695	546.6023790676925	238.15122772346695
2024-01-10T11:15:23.146Z	320.14362432322423	321.85781386311476	320.14362432322423	321.85781386311476
2024-01-10T11:15:23.281Z	-36.88712711680864	507.5168741851795	-36.88712711680864	507.5168741851795
2024-01-10T11:15:23.406Z	-124.84760755818942	487.9505116956155	-124.84760755818942	487.9505116956155
2024-01-10T11:15:23.515Z	-113.9943383543505	452.23087846616517	-113.9943383543505	452.23087846616517
2024-01-10T11:15:23.634Z	-94.06913028453206	374.163031998624	-94.06913028453206	374.163031998624
2024-01-10T11:15:23.753Z	-28.3250638269922	361.4057369680796	-28.3250638269922	361.4057369680796
2024-01-10T11:15:23.880Z	-56.92396029385923	365.65532962248966	-56.92396029385923	365.65532962248966
2024-01-10T11:15:23.999Z	-20.165717555187804	363.3278447180073	-20.165717555187804	363.3278447180073
2024-01-10T11:15:24.120Z	58.336013855715976	321.79203088156476	58.336013855715976	321.79203088156476
2024-01-10T11:15:24.236Z	228.42282366079525	334.05898580676876	228.42282366079525	334.05898580676876
2024-01-10T11:15:24.355Z	338.955212076493	305.80386600808316	338.955212076493	305.80386600808316
2024-01-10T11:15:24.478Z	400.60239645873867	467.6577798437578	400.60239645873867	467.6577798437578
2024-01-10T11:15:24.600Z	66.48493568931531	480.55762303825924	66.48493568931531	480.55762303825924
2024-01-10T11:15:24.711Z	3.6999087568303857	445.26571706151043	3.6999087568303857	445.26571706151043
2024-01-10T11:15:24.857Z	272.85311884754094	269.60320389437965	272.85311884754094	269.60320389437965
2024-01-10T11:15:24.952Z	414.0642523636848	231.76601265140576	414.0642523636848	231.76601265140576
2024-01-10T11:15:25.076Z	568.1459252567357	139.68721171614374	568.1459252567357	139.68721171614374
2024-01-10T11:15:25.217Z	719.6281807607397	-84.47942887412415	719.6281807607397	-84.47942887412415
2024-01-10T11:15:25.317Z	743.984749429352	37.15269983251338	743.984749429352	37.15269983251338
2024-01-10T11:15:25.439Z	758.7786773564608	264.0264746350028	758.7786773564608	264.0264746350028
2024-01-10T11:15:25.572Z	751.8599372929467	527.6571662205615	751.8599372929467	527.6571662205615
2024-01-10T11:15:25.671Z	794.6799773016257	601.0219503895314	794.6799773016257	601.0219503895314
2024-01-10T11:15:25.792Z	787.0292607844189	517.8606297571097	787.0292607844189	517.8606297571097
2024-01-10T11:15:25.920Z	870.0150870755418	550.4407016889304	870.0150870755418	550.4407016889304
2024-01-10T11:15:26.032Z	809.532283394381	583.9931374140225	809.532283394381	583.9931374140225
2024-01-10T11:15:26.152Z	801.8417202645699	527.6658828793811	801.8417202645699	527.6658828793811
2024-01-10T11:15:26.269Z	787.4935980424242	634.4543484338088	787.4935980424242	634.4543484338088
2024-01-10T11:15:26.399Z	782.2425190145954	548.5764760787795	782.2425190145954	548.5764760787795
2024-01-10T11:15:26.510Z	768.849523744267	534.455777456375	768.849523744267	534.455777456375
2024-01-10T11:15:26.632Z	693.8838584412603	532.5262338977125	693.8838584412603	532.5262338977125
2024-01-10T11:15:26.756Z	502.3288671789384	442.4078234739458	502.3288671789384	442.4078234739458
2024-01-10T11:15:26.878Z	399.55924370054987	363.48718710327756	399.55924370054987	363.48718710327756
2024-01-10T11:15:27.002Z	396.44981854085086	487.90036494337414	396.44981854085086	487.90036494337414
2024-01-10T11:15:27.113Z	488.9340639380917	507.7099321375787	488.9340639380917	507.7099321375787
2024-01-10T11:15:27.232Z	476.8888325053883	371.0105584634451	476.8888325053883	371.0105584634451
2024-01-10T11:15:27.352Z	507.81158251394106	277.55924944100997	507.81158251394106	277.55924944100997
2024-01-10T11:15:27.471Z	461.67001330974216	350.38476908294393	461.67001330974216	350.38476908294393
2024-01-10T11:15:27.617Z	401.83297390193195	348.5467226622031	401.83297390193195	348.5467226622031
2024-01-10T11:15:27.757Z	483.7507681729535	303.2671038207648	483.7507681729535	303.2671038207648
2024-01-10T11:15:27.875Z	472.06298387508485	188.78237692475392	472.06298387508485	188.78237692475392
2024-01-10T11:15:27.988Z	391.5707482661056	-15.595883306966169	391.5707482661056	-15.595883306966169
2024-01-10T11:15:28.111Z	624.0784111826807	-166.818761628298	624.0784111826807	-166.818761628298
2024-01-10T11:15:28.219Z	674.8614164240338	-214.2420456797682	674.8614164240338	-214.2420456797682
2024-01-10T11:15:28.341Z	694.9065922323822	-239.05786156874	694.9065922323822	-239.05786156874
2024-01-10T11:15:28.464Z	561.0554506212595	-164.76750198512073	561.0554506212595	-164.76750198512073
2024-01-10T11:15:28.586Z	634.8867249912521	-109.39276086408938	634.8867249912521	-109.39276086408938
2024-01-10T11:15:28.707Z	697.1173038773684	422.7416870523133	697.1173038773684	422.7416870523133
2024-01-10T11:15:28.824Z	693.5620350442073	681.4093923102963	693.5620350442073	681.4093923102963
2024-01-10T11:15:28.945Z	699.084954807045	612.2109677216887	699.084954807045	612.2109677216887
2024-01-10T11:15:29.070Z	622.4246464406941	438.8453956710985	622.4246464406941	438.8453956710985
2024-01-10T11:15:29.181Z	497.5808739756713	443.0419710359307	497.5808739756713	443.0419710359307
2024-01-10T11:15:29.299Z	427.57155268398566	431.9652286972739	427.57155268398566	431.9652286972739
2024-01-10T11:15:29.427Z	429.209581476578	331.95393981926264	429.209581476578	331.95393981926264
2024-01-10T11:15:29.548Z	482.59073665147287	333.2786520267205	482.59073665147287	333.2786520267205
2024-01-10T11:15:29.673Z	714.7346093810593	160.15908049907134	714.7346093810593	160.15908049907134
2024-01-10T11:15:29.781Z	997.5477702509007	17.297599704257795	997.5477702509007	17.297599704257795
2024-01-10T11:15:29.902Z	933.0533952837503	-2.3901278398983408	933.0533952837503	-2.3901278398983408
2024-01-10T11:15:30.038Z	769.3009833491192	169.46492900376484	769.3009833491192	169.46492900376484
2024-01-10T11:15:30.167Z	844.1398454693904	133.74182030341842	844.1398454693904	133.74182030341842
2024-01-10T11:15:30.291Z	897.19559485612	79.60841302685773	897.19559485612	79.60841302685773
2024-01-10T11:15:30.423Z	903.7078483959967	147.28325170437944	903.7078483959967	147.28325170437944
2024-01-10T11:15:30.543Z	861.8495122249126	163.38195155367106	861.8495122249126	163.38195155367106
2024-01-10T11:15:30.661Z	793.8507401206019	246.65798014795405	793.8507401206019	246.65798014795405
2024-01-10T11:15:30.777Z	745.0798322492193	241.27772305165706	745.0798322492193	241.27772305165706
2024-01-10T11:15:30.899Z	425.53638330860366	317.8389856639029	425.53638330860366	317.8389856639029
2024-01-10T11:15:31.019Z	226.12182706541535	356.07166050408694	226.12182706541535	356.07166050408694
2024-01-10T11:15:31.137Z	242.9226251345667	346.35798178009117	242.9226251345667	346.35798178009117
2024-01-10T11:15:31.261Z	316.84309070835525	358.25142620106385	316.84309070835525	358.25142620106385
2024-01-10T11:15:31.369Z	308.26881788552475	353.0620467646163	308.26881788552475	353.0620467646163
2024-01-10T11:15:31.496Z	299.2685678452012	276.77804449645237	299.2685678452012	276.77804449645237
2024-01-10T11:15:31.616Z	241.17854961436146	323.56173209169253	241.17854961436146	323.56173209169253
2024-01-10T11:15:31.737Z	37.36571630558731	451.76581522568677	37.36571630558731	451.76581522568677
2024-01-10T11:15:31.856Z	-23.709533388774673	468.72640718422616	-23.709533388774673	468.72640718422616
2024-01-10T11:15:31.975Z	50.22958971513816	272.5146948339745	50.22958971513816	272.5146948339745
2024-01-10T11:15:32.111Z	196.74748500186703	69.28612338375663	196.74748500186703	69.28612338375663
2024-01-10T11:15:32.230Z	362.79970958546295	29.54638562351751	362.79970958546295	29.54638562351751
2024-01-10T11:15:32.370Z	734.8170242090101	153.83518389708078	734.8170242090101	153.83518389708078
2024-01-10T11:15:32.493Z	908.5722457563278	317.6187030965995	908.5722457563278	317.6187030965995
2024-01-10T11:15:32.603Z	892.0670809470882	397.12332146143393	892.0670809470882	397.12332146143393
2024-01-10T11:15:32.725Z	748.8177117453171	462.16633165716433	748.8177117453171	462.16633165716433
2024-01-10T11:15:32.852Z	586.9294581330131	491.62245251982677	586.9294581330131	491.62245251982677
2024-01-10T11:15:32.962Z	561.2446820723346	523.0261059214331	561.2446820723346	523.0261059214331
2024-01-10T11:15:33.086Z	609.4046548757204	442.6414947582092	609.4046548757204	442.6414947582092
2024-01-10T11:15:33.210Z	658.5760956733469	407.16707374888665	658.5760956733469	407.16707374888665
2024-01-10T11:15:33.341Z	654.8566225744922	373.03573823892316	654.8566225744922	373.03573823892316
2024-01-10T11:15:33.475Z	493.8719067867496	305.68109112348844	493.8719067867496	305.68109112348844
2024-01-10T11:15:33.594Z	477.37964642858327	229.10824062169277	477.37964642858327	229.10824062169277
2024-01-10T11:15:33.722Z	551.6271174840266	243.81938312132553	551.6271174840266	243.81938312132553
2024-01-10T11:15:33.860Z	524.8650023513203	241.6913840820688	524.8650023513203	241.6913840820688
2024-01-10T11:15:33.997Z	430.8727059759601	274.3911808766064	430.8727059759601	274.3911808766064
2024-01-10T11:15:34.130Z	497.97857343029904	346.97749904934716	497.97857343029904	346.97749904934716
2024-01-10T11:15:34.261Z	586.80005238965	493.0340210263605	586.80005238965	493.0340210263605
2024-01-10T11:15:34.376Z	589.8635920979808	548.4469030457061	589.8635920979808	548.4469030457061
2024-01-10T11:15:34.491Z	404.1525726466293	354.58660864046584	404.1525726466293	354.58660864046584
2024-01-10T11:15:34.612Z	252.51870828143703	77.57099587561561	252.51870828143703	77.57099587561561
2024-01-10T11:15:34.742Z	203.18076839548516	-68.96484217701048	203.18076839548516	-68.96484217701048
2024-01-10T11:15:34.860Z	728.8812565189353	208.59211900496626	728.8812565189353	208.59211900496626
2024-01-10T11:15:34.998Z	1057.3011424089552	491.2767500432219	1057.3011424089552	491.2767500432219
2024-01-10T11:15:35.164Z	1236.1835589990646	696.8624297422684	1236.1835589990646	696.8624297422684
2024-01-10T11:15:35.330Z	1388.5312445887141	751.2880404396321	1388.5312445887141	751.2880404396321
2024-01-10T11:15:35.461Z	1452.2813659713827	574.1473323743586	1452.2813659713827	574.1473323743586
2024-01-10T11:15:35.574Z	1357.9791217255133	442.5701407191478	1357.9791217255133	442.5701407191478
2024-01-10T11:15:35.700Z	1380.0499999239623	419.00279221137663	1380.0499999239623	419.00279221137663
2024-01-10T11:15:35.839Z	1274.4692548348971	714.3982437452885	1274.4692548348971	714.3982437452885
2024-01-10T11:15:35.951Z	1334.2705848706125	698.780706022584	1334.2705848706125	698.780706022584
2024-01-10T11:15:36.092Z	1511.844729844997	653.732646203561	1511.844729844997	653.732646203561
2024-01-10T11:15:36.226Z	1498.6101247271206	618.7435057760396	1498.6101247271206	618.7435057760396
2024-01-10T11:15:36.343Z	1473.3457633053297	515.7986768434911	1473.3457633053297	515.7986768434911
2024-01-10T11:15:36.452Z	1509.9638289536783	522.0060019240168	1509.9638289536783	522.0060019240168
2024-01-10T11:15:36.584Z	1549.0956666244833	510.1612557737362	1549.0956666244833	510.1612557737362
2024-01-10T11:15:36.708Z	1503.8981921583793	576.8021551781801	1503.8981921583793	576.8021551781801
2024-01-10T11:15:36.807Z	1503.4648176479516	626.5463400654139	1503.4648176479516	626.5463400654139
2024-01-10T11:15:36.919Z	1568.7682355190277	697.3049268404384	1568.7682355190277	697.3049268404384
2024-01-10T11:15:37.039Z	1552.3259655862744	764.4902842251174	1552.3259655862744	764.4902842251174
2024-01-10T11:15:37.165Z	1403.2879187867702	643.6262461544253	1403.2879187867702	643.6262461544253
2024-01-10T11:15:37.286Z	1441.169413095801	397.0955480605175	1441.169413095801	397.0955480605175
2024-01-10T11:15:37.407Z	1450.57828924034	144.3902053551832	1450.57828924034	144.3902053551832
2024-01-10T11:15:37.523Z	1476.333990533789	67.59322181491663	1476.333990533789	67.59322181491663
2024-01-10T11:15:37.642Z	1371.1681641865714	90.66162434837409	1371.1681641865714	90.66162434837409
2024-01-10T11:15:37.774Z	1265.7958719034334	141.82897179555638	1265.7958719034334	141.82897179555638
2024-01-10T11:15:37.888Z	1175.8193185934606	167.20170559001332	1175.8193185934606	167.20170559001332
2024-01-10T11:15:38.008Z	1240.0520048363533	119.45928237883854	1240.0520048363533	119.45928237883854
2024-01-10T11:15:38.129Z	1262.3752300804092	92.13302791564026	1262.3752300804092	92.13302791564026
2024-01-10T11:15:38.249Z	1152.200265050439	95.23194124294795	1152.200265050439	95.23194124294795
2024-01-10T11:15:38.359Z	1162.2809516229909	180.0357991152419	1162.2809516229909	180.0357991152419
2024-01-10T11:15:38.492Z	1298.7993116786035	218.6763208962004	1298.7993116786035	218.6763208962004
2024-01-10T11:15:38.599Z	1211.9422710857564	199.68159810509604	1211.9422710857564	199.68159810509604
2024-01-10T11:15:38.731Z	682.1247280025103	86.58983503215231	682.1247280025103	86.58983503215231
2024-01-10T11:15:38.849Z	347.7481855288062	28.376568053034674	347.7481855288062	28.376568053034674
2024-01-10T11:15:38.966Z	318.4246794691043	-146.06529321209732	318.4246794691043	-146.06529321209732
2024-01-10T11:15:39.089Z	402.2270309875394	-242.54438811162026	402.2270309875394	-242.54438811162026
2024-01-10T11:15:39.208Z	443.1022054125991	-120.63392668486354	443.1022054125991	-120.63392668486354
2024-01-10T11:15:39.332Z	230.22505607341935	-28.70387413172905	230.22505607341935	-28.70387413172905
2024-01-10T11:15:39.439Z	210.48998077466499	34.142252808107045	210.48998077466499	34.142252808107045
2024-01-10T11:15:39.566Z	99.32845330232904	192.20902030816828	99.32845330232904	192.20902030816828
2024-01-10T11:15:39.683Z	129.28526478838475	264.26394497097186	129.28526478838475	264.26394497097186
2024-01-10T11:15:39.804Z	37.929292180501115	194.85974318924042	37.929292180501115	194.85974318924042
2024-01-10T11:15:39.921Z	-46.81165470648116	339.61328745233885	-46.81165470648116	339.61328745233885
2024-01-10T11:15:40.039Z	1.2518287408068751	360.6271506090917	1.2518287408068751	360.6271506090917
2024-01-10T11:15:40.161Z	53.15248522632466	405.64097329253536	53.15248522632466	405.64097329253536
2024-01-10T11:15:40.279Z	41.21413763609716	314.20248443068317	41.21413763609716	314.20248443068317
2024-01-10T11:15:40.399Z	535.0611260433275	74.1101693689436	535.0611260433275	74.1101693689436
2024-01-10T11:15:40.534Z	819.6360085915113	-32.7649216600699	819.6360085915113	-32.7649216600699
2024-01-10T11:15:40.639Z	925.032276237968	-77.78216691875505	925.032276237968	-77.78216691875505
2024-01-10T11:15:40.769Z	940.5762759013318	-62.56475233268465	940.5762759013318	-62.56475233268465
2024-01-10T11:15:40.879Z	767.2082470042578	-14.183746720576952	767.2082470042578	-14.183746720576952
2024-01-10T11:15:41.005Z	602.2642210380153	144.02856239104636	602.2642210380153	144.02856239104636
2024-01-10T11:15:41.132Z	574.7396699598568	227.5371923641564	574.7396699598568	227.5371923641564
2024-01-10T11:15:41.239Z	625.2848382022088	232.88703587516846	625.2848382022088	232.88703587516846
2024-01-10T11:15:41.361Z	703.7229734469925	206.65205977853233	703.7229734469925	206.65205977853233
2024-01-10T11:15:41.486Z	544.795576150274	126.67546365363887	544.795576150274	126.67546365363887
2024-01-10T11:15:41.608Z	465.47955328905107	7.263039146985772	465.47955328905107	7.263039146985772
2024-01-10T11:15:41.736Z	695.9449515292279	60.575212096811654	695.9449515292279	60.575212096811654
2024-01-10T11:15:41.851Z	821.2549882147571	135.27543340760803	821.2549882147571	135.27543340760803
2024-01-10T11:15:41.959Z	792.6155733796461	141.25923676592072	792.6155733796461	141.25923676592072
2024-01-10T11:15:42.088Z	579.15470199309	224.11494630173468	579.15470199309	224.11494630173468
2024-01-10T11:15:42.209Z	489.04999248266057	225.222217388547	489.04999248266057	225.222217388547
2024-01-10T11:15:42.322Z	571.9051426254725	166.22581820881084	571.9051426254725	166.22581820881084
2024-01-10T11:15:42.451Z	579.9941742834308	62.478713271330726	579.9941742834308	62.478713271330726
2024-01-10T11:15:42.573Z	503.9798249448345	50.31088375789147	503.9798249448345	50.31088375789147
2024-01-10T11:15:42.682Z	441.85040997844897	115.06436787029662	441.85040997844897	115.06436787029662
2024-01-10T11:15:42.805Z	458.3702402103617	140.65427253020724	458.3702402103617	140.65427253020724
2024-01-10T11:15:42.927Z	364.47191465565237	138.19017781366665	364.47191465565237	138.19017781366665
2024-01-10T11:15:43.043Z	270.4456859661956	157.3490359191007	270.4456859661956	157.3490359191007
2024-01-10T11:15:43.159Z	276.36246156448834	132.41107904988917	276.36246156448834	132.41107904988917
2024-01-10T11:15:43.283Z	224.51376481821026	144.26606978456644	224.51376481821026	144.26606978456644
2024-01-10T11:15:43.405Z	182.12368439219074	171.72794731229257	182.12368439219074	171.72794731229257
2024-01-10T11:15:43.525Z	178.82360380118655	171.22780346106458	178.82360380118655	171.22780346106458
2024-01-10T11:15:43.643Z	116.08570746392797	165.156048885959	116.08570746392797	165.156048885959
2024-01-10T11:15:43.772Z	42.56532532208826	71.39393585852245	42.56532532208826	71.39393585852245
2024-01-10T11:15:43.890Z	0.37534400670692847	61.687319186813234	0.37534400670692847	61.687319186813234
2024-01-10T11:15:44.007Z	13.758684041184203	180.92074911255048	13.758684041184203	180.92074911255048
2024-01-10T11:15:44.123Z	357.50670633168926	343.92154232864743	357.50670633168926	343.92154232864743
2024-01-10T11:15:44.239Z	651.5102092616205	552.8131817091958	651.5102092616205	552.8131817091958
2024-01-10T11:15:44.365Z	754.3429255452144	541.2619140247194	754.3429255452144	541.2619140247194
2024-01-10T11:15:44.483Z	673.5713634794002	420.1689477191818	673.5713634794002	420.1689477191818
2024-01-10T11:15:44.612Z	594.29236471411	423.3152599901781	594.29236471411	423.3152599901781
2024-01-10T11:15:44.732Z	529.9135177303739	404.17522233127534	529.9135177303739	404.17522233127534
2024-01-10T11:15:44.845Z	446.44016177671705	383.86437609927884	446.44016177671705	383.86437609927884
2024-01-10T11:15:44.965Z	476.8816960427673	411.9208596539621	476.8816960427673	411.9208596539621
2024-01-10T11:15:45.102Z	601.7410365865343	325.4893865781122	601.7410365865343	325.4893865781122
2024-01-10T11:15:45.200Z	594.41610548467	376.08824112207134	594.41610548467	376.08824112207134
2024-01-10T11:15:45.328Z	548.439387765861	355.00715076266704	548.439387765861	355.00715076266704
2024-01-10T11:15:45.457Z	444.59947198884197	359.07833760962876	444.59947198884197	359.07833760962876
2024-01-10T11:15:45.559Z	414.31169941319916	225.3962451840405	414.31169941319916	225.3962451840405
2024-01-10T11:15:45.681Z	350.5398337308916	129.5770519700385	350.5398337308916	129.5770519700385
2024-01-10T11:15:45.811Z	368.0510921004071	146.3186964898826	368.0510921004071	146.3186964898826
2024-01-10T11:15:45.923Z	353.2277215525729	174.48187298623844	353.2277215525729	174.48187298623844
2024-01-10T11:15:46.051Z	175.64689171304252	151.33844045265204	175.64689171304252	151.33844045265204
2024-01-10T11:15:46.171Z	108.59812457883596	79.27075267059267	108.59812457883596	79.27075267059267
2024-01-10T11:15:46.281Z	625.3070041571941	-5.819300359228574	625.3070041571941	-5.819300359228574
2024-01-10T11:15:46.399Z	1144.4061119879077	53.29863451437768	1144.4061119879077	53.29863451437768
2024-01-10T11:15:46.542Z	1052.2084811855007	180.95985126125944	1052.2084811855007	180.95985126125944
2024-01-10T11:15:46.652Z	1005.3482507480962	174.44684697691295	1005.3482507480962	174.44684697691295
2024-01-10T11:15:46.767Z	906.3102345780999	127.82223327560865	906.3102345780999	127.82223327560865
2024-01-10T11:15:46.888Z	931.3819101025417	93.09451256096263	931.3819101025417	93.09451256096263
2024-01-10T11:15:47.004Z	1010.9072696834023	-32.295107413575195	1010.9072696834023	-32.295107413575195
2024-01-10T11:15:47.121Z	985.7506728611537	37.59868497137427	985.7506728611537	37.59868497137427
2024-01-10T11:15:47.244Z	980.7547155162893	141.56985850195488	980.7547155162893	141.56985850195488
2024-01-10T11:15:47.373Z	854.441641362716	197.93522912830565	854.441641362716	197.93522912830565
2024-01-10T11:15:47.490Z	681.7867212865804	183.29894612226389	681.7867212865804	183.29894612226389
2024-01-10T11:15:47.617Z	585.9227792631929	211.47991244056607	585.9227792631929	211.47991244056607
2024-01-10T11:15:47.729Z	654.2856091255046	209.2219843656917	654.2856091255046	209.2219843656917
2024-01-10T11:15:47.839Z	571.9128055436696	220.92837155819723	571.9128055436696	220.92837155819723
2024-01-10T11:15:47.969Z	450.71871618067604	242.9758142929103	450.71871618067604	242.9758142929103
2024-01-10T11:15:48.093Z	491.6432233712514	127.08283270959133	491.6432233712514	127.08283270959133
2024-01-10T11:15:48.217Z	524.6311761461467	88.91802981573063	524.6311761461467	88.91802981573063
2024-01-10T11:15:48.328Z	457.36818415741146	192.48738430169863	457.36818415741146	192.48738430169863
2024-01-10T11:15:48.451Z	313.65930151279747	214.42386892528125	313.65930151279747	214.42386892528125
2024-01-10T11:15:48.567Z	259.4096762586542	141.72274922156538	259.4096762586542	141.72274922156538
2024-01-10T11:15:48.690Z	123.98753352004832	279.3482237934363	123.98753352004832	279.3482237934363
2024-01-10T11:15:48.809Z	152.23622008914094	198.2849548553508	152.23622008914094	198.2849548553508
2024-01-10T11:15:48.925Z	133.5446913815333	133.29855007351955	133.5446913815333	133.29855007351955
2024-01-10T11:15:49.048Z	-10.513651813380438	146.88081316313682	-10.513651813380438	146.88081316313682
2024-01-10T11:15:49.162Z	-25.370037782342827	227.29488006951348	-25.370037782342827	227.29488006951348
2024-01-10T11:15:49.290Z	22.244466316385903	262.924038337788	22.244466316385903	262.924038337788
2024-01-10T11:15:49.409Z	-3.548044832862121	255.8137241126668	-3.548044832862121	255.8137241126668
2024-01-10T11:15:49.531Z	-53.79684630430773	153.41431772490262	-53.79684630430773	153.41431772490262
2024-01-10T11:15:49.638Z	14.221293877249941	118.3982346067252	14.221293877249941	118.3982346067252
2024-01-10T11:15:49.759Z	-5.094731313303029	169.71857719292507	-5.094731313303029	169.71857719292507
2024-01-10T11:15:49.891Z	37.069004312665754	256.9340308280372	37.069004312665754	256.9340308280372
2024-01-10T11:15:50.010Z	62.95047990787704	292.16977052165834	62.95047990787704	292.16977052165834
2024-01-10T11:15:50.125Z	-2.6154612607458603	151.9611275666858	-2.6154612607458603	151.9611275666858
2024-01-10T11:15:50.242Z	-48.85517753509508	60.32312052836278	-48.85517753509508	60.32312052836278
2024-01-10T11:15:50.361Z	78.22793013093907	82.33653238246632	78.22793013093907	82.33653238246632
2024-01-10T11:15:50.479Z	26.055186772439235	100.66982204345187	26.055186772439235	100.66982204345187
2024-01-10T11:15:50.600Z	119.62299228843435	68.52400067840362	119.62299228843435	68.52400067840362
2024-01-10T11:15:50.721Z	62.8740573335608	108.5778901716521	62.8740573335608	108.5778901716521
2024-01-10T11:15:50.840Z	40.33632983681682	80.6098812917172	40.33632983681682	80.6098812917172
2024-01-10T11:15:50.963Z	-24.8973368160526	114.54293106962356	-24.8973368160526	114.54293106962356
2024-01-10T11:15:51.082Z	-153.16053012230304	27.84229856641634	-153.16053012230304	27.84229856641634
2024-01-10T11:15:51.201Z	-232.11437921928734	19.721072849953515	-232.11437921928734	19.721072849953515
2024-01-10T11:15:51.320Z	-80.65032998254021	92.41926202090767	-80.65032998254021	92.41926202090767
2024-01-10T11:15:51.440Z	1.38538612924234	49.26257688748411	1.38538612924234	49.26257688748411
2024-01-10T11:15:51.562Z	121.42379530370434	62.278599193202425	121.42379530370434	62.278599193202425
2024-01-10T11:15:51.686Z	208.92862390208586	59.35398780190121	208.92862390208586	59.35398780190121
2024-01-10T11:15:51.805Z	132.1679210932376	243.7910332920621	132.1679210932376	243.7910332920621
2024-01-10T11:15:51.922Z	322.35480920448873	270.94851365228084	322.35480920448873	270.94851365228084
2024-01-10T11:15:52.052Z	460.0167650348562	222.22423139327503	460.0167650348562	222.22423139327503
2024-01-10T11:15:52.172Z	842.2742535174194	282.9991290127474	842.2742535174194	282.9991290127474
2024-01-10T11:15:52.292Z	1235.1477079791355	580.0664861864769	1235.1477079791355	580.0664861864769
2024-01-10T11:15:52.414Z	1114.1652938183684	670.4328690770869	1114.1652938183684	670.4328690770869
2024-01-10T11:15:52.532Z	1089.3442375379486	759.3658365141106	1089.3442375379486	759.3658365141106
2024-01-10T11:15:52.659Z	1152.6496158476955	852.2009066629709	1152.6496158476955	852.2009066629709
2024-01-10T11:15:52.791Z	1155.4628704859595	797.2324952701721	1155.4628704859595	797.2324952701721
2024-01-10T11:15:52.908Z	1206.5531435967189	637.2724392797052	1206.5531435967189	637.2724392797052
2024-01-10T11:15:53.061Z	1052.559977325655	648.2894006998243	1052.559977325655	648.2894006998243
2024-01-10T11:15:53.210Z	921.6799006984584	551.6488362213415	921.6799006984584	551.6488362213415
2024-01-10T11:15:53.337Z	880.9661371871878	754.5325415141463	880.9661371871878	754.5325415141463
2024-01-10T11:15:53.478Z	871.3699893940103	860.1598404622531	871.3699893940103	865.1598404622531
2024-01-10T11:15:53.609Z	821.384398148699	810.8397957227347	821.384398148699	830.8397957227347
2024-01-10T11:15:53.724Z	821.6216373329742	766.4641763826228	821.6216373329742	791.4641763826228
2024-01-10T11:15:53.851Z	812.2458831838844	773.1014885062318	812.2458831838844	798.1014885062318
2024-01-10T11:15:53.972Z	882.5513867208059	676.8507666950179	882.5513867208059	701.8507666950179
2024-01-10T11:15:54.080Z	855.2019004964316	394.3609387695554	855.2019004964316	419.3609387695554
2024-01-10T11:15:54.206Z	847.311484360486	436.16447015844886	847.311484360486	461.16447015844886
2024-01-10T11:15:54.330Z	839.0939670873942	581.8788854760722	839.0939670873942	606.8788854760722
2024-01-10T11:15:54.450Z	848.2409958274652	647.4094984146136	848.2409958274652	672.4094984146136
2024-01-10T11:15:54.572Z	849.4636386104121	648.1665851677103	849.4636386104121	673.1665851677103
2024-01-10T11:15:54.689Z	852.9947973540322	678.0517082923899	852.9947973540322	703.0517082923899
2024-01-10T11:15:54.807Z	901.6751073891672	751.0691675699095	901.6751073891672	776.0691675699095
2024-01-10T11:15:54.926Z	875.5794958435345	504.25192736605993	875.5794958435345	529.2519273660599
2024-01-10T11:15:55.054Z	783.9372465336404	217.81379983923395	783.9372465336404	242.81379983923395
2024-01-10T11:15:55.162Z	755.3763786120626	167.7161313155041	755.3763786120626	192.7161313155041
2024-01-10T11:15:55.292Z	691.9441426196842	40.197102185742494	691.9441426196842	65.1971021857425
2024-01-10T11:15:55.421Z	630.4997138146302	59.311096934748136	630.4997138146302	84.31109693474814
2024-01-10T11:15:55.523Z	640.7558176170276	114.29185111085005	640.7558176170276	139.29185111085005
2024-01-10T11:15:55.649Z	655.5950357120591	163.25133094842445	655.5950357120591	188.25133094842445
2024-01-10T11:15:55.770Z	605.1464948568755	153.95912648056395	605.1464948568755	178.95912648056395
2024-01-10T11:15:55.885Z	617.0133742760977	129.09371619813987	617.0133742760977	154.09371619813987
2024-01-10T11:15:56.000Z	677.3410519567608	109.54970251299491	677.3410519567608	134.5497025129949
2024-01-10T11:15:56.137Z	663.1638605362143	63.36334034346002	663.1638605362143	88.36334034346001
2024-01-10T11:15:56.249Z	588.6474590695213	97.64685636424159	588.6474590695213	122.64685636424159
2024-01-10T11:15:56.360Z	686.371364966945	119.28837640951508	686.371364966945	144.28837640951508
2024-01-10T11:15:56.479Z	698.9037922682832	167.7944908107546	698.9037922682832	192.7944908107546
2024-01-10T11:15:56.598Z	671.3719211723883	65.42455096897447	671.3719211723883	90.42455096897447
2024-01-10T11:15:56.723Z	668.0433174460843	108.92059434207357	668.0433174460843	133.92059434207357
2024-01-10T11:15:56.842Z	712.3396994852817	80.17896936960778	712.3396994852817	105.17896936960778
2024-01-10T11:15:56.967Z	954.9092960935768	-21.44198512426565	954.9092960935768	3.558014875734351
2024-01-10T11:15:57.088Z	886.7704202798734	50.016778137306105	886.7704202798734	75.0167781373061
2024-01-10T11:15:57.205Z	756.9891290265149	96.17665686955283	756.9891290265149	121.17665686955283
2024-01-10T11:15:57.327Z	697.5537468916136	102.47056821556018	697.5537468916136	127.47056821556018
2024-01-10T11:15:57.439Z	526.8550803515277	156.59272787694619	526.8550803515277	181.59272787694619
2024-01-10T11:15:57.560Z	414.5314569818509	292.12623015122506	414.5314569818509	317.12623015122506
2024-01-10T11:15:57.685Z	457.9397258821487	292.7596179687993	457.9397258821487	317.7596179687993
2024-01-10T11:15:57.798Z	542.105533751339	263.62270839552156	542.105533751339	288.62270839552156
2024-01-10T11:15:57.939Z	698.0438785963585	264.40995706352976	698.0438785963585	289.40995706352976
2024-01-10T11:15:58.042Z	756.5425259490287	254.5012744618714	756.5425259490287	279.5012744618714
2024-01-10T11:15:58.167Z	708.1601582990568	273.70305720476654	708.1601582990568	298.70305720476654
2024-01-10T11:15:58.311Z	418.3938216236586	336.140676783693	418.3938216236586	361.140676783693
2024-01-10T11:15:58.402Z	277.7748164750559	312.1166420263683	277.7748164750559	337.1166420263683
2024-01-10T11:15:58.524Z	469.8334885028489	222.44455225072326	469.8334885028489	247.44455225072326
2024-01-10T11:15:58.671Z	689.1501554635403	141.23803987990823	689.1501554635403	166.23803987990823
2024-01-10T11:15:58.790Z	694.7107803519382	136.2521267969096	694.7107803519382	161.2521267969096
2024-01-10T11:15:58.922Z	624.5477867755326	119.60063400040336	624.5477867755326	144.60063400040337
2024-01-10T11:15:59.040Z	712.2055736174342	125.44224727079177	712.2055736174342	150.44224727079177
2024-01-10T11:15:59.156Z	634.3547087282992	156.57070026857232	634.3547087282992	181.57070026857232
2024-01-10T11:15:59.269Z	560.245942514477	148.05099277291035	560.245942514477	173.05099277291035
2024-01-10T11:15:59.393Z	561.9644902335422	142.49573033874893	561.9644902335422	167.49573033874893
2024-01-10T11:15:59.522Z	532.6371180005177	211.45210531993249	532.6371180005177	236.45210531993249
2024-01-10T11:15:59.641Z	455.85590482475266	273.8377602783577	455.85590482475266	298.8377602783577
2024-01-10T11:15:59.756Z	406.5316350562729	294.16884368519237	406.5316350562729	319.16884368519237
2024-01-10T11:15:59.873Z	398.6664064378433	276.895298525534	398.6664064378433	301.895298525534
2024-01-10T11:15:59.997Z	258.01544105307084	321.89955230755487	258.01544105307084	346.89955230755487
2024-01-10T11:16:00.122Z	14.450508206513156	260.10925633332977	14.450508206513156	285.10925633332977
2024-01-10T11:16:00.242Z	-15.456960796158683	177.4258993450517	-15.456960796158683	202.4258993450517
2024-01-10T11:16:00.363Z	73.7495797573882	47.85518678991535	73.7495797573882	72.85518678991535
2024-01-10T11:16:00.473Z	34.52754403007301	79.67539141672911	34.52754403007301	104.67539141672911
2024-01-10T11:16:00.589Z	-89.31302038480709	308.4708349360245	-89.31302038480709	333.4708349360245
2024-01-10T11:16:00.709Z	-81.60319970653022	372.48055226880746	-81.60319970653022	397.48055226880746
2024-01-10T11:16:00.830Z	-34.10869321427572	303.54850829702593	-34.10869321427572	328.54850829702593
2024-01-10T11:16:00.962Z	79.46617225000607	341.58598912105134	79.46617225000607	366.58598912105134
2024-01-10T11:16:01.079Z	555.0126595961912	105.81849264650126	555.0126595961912	130.81849264650126
2024-01-10T11:16:01.190Z	820.5644888267159	43.65795135489084	820.5644888267159	68.65795135489084
2024-01-10T11:16:01.320Z	834.0956796420709	25.946511543323382	834.0956796420709	45.94651154332338
2024-01-10T11:16:01.438Z	469.04928350981635	224.02626135179767	469.04928350981635	244.02626135179767
2024-01-10T11:16:01.557Z	279.40572116567097	272.984309600928	279.40572116567097	292.984309600928
2024-01-10T11:16:01.673Z	445.23091397566606	328.92681573754817	445.23091397566606	348.92681573754817
2024-01-10T11:16:01.791Z	645.3853020026247	286.9829396435705	645.3853020026247	306.9829396435705
2024-01-10T11:16:01.947Z	812.9621836040151	324.85038789692493	812.9621836040151	344.85038789692493
2024-01-10T11:16:02.083Z	652.2120932814939	433.4170947778743	652.2120932814939	453.4170947778743
2024-01-10T11:16:02.229Z	715.2608735048217	382.7150939369192	715.2608735048217	402.7150939369192
2024-01-10T11:16:02.392Z	840.3257136562644	316.73297818976425	840.3257136562644	336.73297818976425
2024-01-10T11:16:02.521Z	954.3646762404596	379.1695365880553	954.3646762404596	399.1695365880553
2024-01-10T11:16:02.637Z	812.1309026192681	335.80525464370555	812.1309026192681	355.80525464370555
2024-01-10T11:16:02.756Z	624.0675612993667	113.1287432096471	624.0675612993667	133.1287432096471
2024-01-10T11:16:02.882Z	615.179898599305	67.72175423802148	615.179898599305	87.72175423802148
2024-01-10T11:16:02.992Z	564.3256990790932	50.351922337692734	564.3256990790932	70.35192233769274
2024-01-10T11:16:03.119Z	681.9007718605901	80.7537923386332	681.9007718605901	100.7537923386332
2024-01-10T11:16:03.234Z	674.9824649563789	46.12019042976366	674.9824649563789	66.12019042976365
2024-01-10T11:16:03.358Z	528.7146444248039	12.038386230401043	528.7146444248039	27.038386230401045
2024-01-10T11:16:03.487Z	496.60921813413376	164.35196295223872	496.60921813413376	179.35196295223872
2024-01-10T11:16:03.599Z	419.37496988582495	227.7131316418992	419.37496988582495	242.7131316418992
2024-01-10T11:16:03.723Z	750.3411522202093	546.864489337418	750.3411522202093	561.864489337418
2024-01-10T11:16:03.843Z	871.8964452873095	781.266016712506	871.8964452873095	796.266016712506
2024-01-10T11:16:03.961Z	803.6887596747456	654.259180859545	803.6887596747456	669.259180859545
2024-01-10T11:16:04.082Z	735.1574923639071	562.1059121463393	735.1574923639071	577.1059121463393
2024-01-10T11:16:04.205Z	679.1251886659468	372.6807675244549	679.1251886659468	387.6807675244549
2024-01-10T11:16:04.326Z	848.7134314267739	460.97339684253814	848.7134314267739	475.97339684253814
2024-01-10T11:16:04.433Z	967.5776240234652	448.0199434191011	967.5776240234652	463.0199434191011
2024-01-10T11:16:04.563Z	1010.2371464139155	543.2905786953062	1010.2371464139155	558.2905786953062
2024-01-10T11:16:04.680Z	783.714628466991	272.898228990622	783.714628466991	287.898228990622
2024-01-10T11:16:04.807Z	743.2241016877256	228.57895303995787	743.2241016877256	243.57895303995787
2024-01-10T11:16:04.942Z	696.7381901856148	210.54465732554118	696.7381901856148	225.54465732554118
2024-01-10T11:16:05.071Z	769.5520378893204	269.7014085745328	769.5520378893204	284.7014085745328
2024-01-10T11:16:05.198Z	807.478284437391	188.70021928637578	807.478284437391	203.70021928637578
2024-01-10T11:16:05.300Z	794.1601249417799	256.56076142776993	794.1601249417799	271.56076142776993
2024-01-10T11:16:05.442Z	438.0561515993204	-12.561643744095377	438.0561515993204	2.4383562559046226
2024-01-10T11:16:05.580Z	309.23043473731593	-152.0503232525433	309.23043473731593	-147.0503232525433
2024-01-10T11:16:05.705Z	288.9409785687793	-116.71030611102816	288.9409785687793	-116.71030611102816
2024-01-10T11:16:05.808Z	250.8529985086777	-85.9022164496444	250.8529985086777	-85.9022164496444
2024-01-10T11:16:05.938Z	452.3384015254898	207.36526555491628	452.3384015254898	207.36526555491628
2024-01-10T11:16:06.071Z	713.7118402864827	740.7434156770461	713.7118402864827	740.7434156770461
2024-01-10T11:16:06.202Z	772.0229346842603	823.7816897671547	772.0229346842603	823.7816897671547
2024-01-10T11:16:06.333Z	683.0657157138684	848.4599794371803	683.0657157138684	853.4599794371803