time	position_x	position_y	scroll_x	scroll_y
2024-01-10T11:38:03.175Z	500.1006351452522	498.39284723352847	500.1006351452522	498.39284723352847
2024-01-10T11:38:03.669Z	493.42883850292554	492.29900297120196	493.42883850292554	492.29900297120196
2024-01-10T11:38:03.785Z	420.1860602783344	380.206048446055	420.1860602783344	380.206048446055
2024-01-10T11:38:03.896Z	277.14273752711654	286.7774986933579	277.14273752711654	286.7774986933579
2024-01-10T11:38:04.020Z	209.6760573970737	161.18022420187552	209.6760573970737	161.18022420187552
2024-01-10T11:38:04.131Z	194.32485279343334	112.5110918782433	194.32485279343334	112.5110918782433
2024-01-10T11:38:04.257Z	371.91028969192337	194.20040689500186	371.91028969192337	194.20040689500186
2024-01-10T11:38:04.378Z	192.71640130370923	172.6732023036772	192.71640130370923	172.6732023036772
2024-01-10T11:38:04.492Z	100.34280181583199	174.98577763855107	100.34280181583199	174.98577763855107
2024-01-10T11:38:04.611Z	80.34691300369677	105.44490728669105	80.34691300369677	105.44490728669105
2024-01-10T11:38:04.745Z	236.33237408075317	103.06573549339957	236.33237408075317	103.06573549339957
2024-01-10T11:38:04.855Z	188.44009924836604	140.9279318343373	188.44009924836604	140.9279318343373
2024-01-10T11:38:04.973Z	37.08664948571938	181.78530819602042	37.08664948571938	181.78530819602042
2024-01-10T11:38:05.093Z	104.93452107431642	246.1149592755604	104.93452107431642	246.1149592755604
2024-01-10T11:38:05.223Z	99.94576097715543	262.42528722091816	99.94576097715543	262.42528722091816
2024-01-10T11:38:05.338Z	63.657476600714	268.77817142815	63.657476600714	268.77817142815
2024-01-10T11:38:05.456Z	121.59172706269554	270.73180100908536	121.59172706269554	270.73180100908536
2024-01-10T11:38:05.573Z	164.88934564315784	216.27978501608706	164.88934564315784	216.27978501608706
2024-01-10T11:38:05.693Z	313.70301616811696	273.5962408707946	313.70301616811696	273.5962408707946
2024-01-10T11:38:05.825Z	371.81472044341797	343.66467755827836	371.81472044341797	343.66467755827836
2024-01-10T11:38:05.941Z	353.99992142324635	377.4463407120471	353.99992142324635	377.4463407120471
2024-01-10T11:38:06.058Z	282.7732767853974	451.02982955300195	282.7732767853974	451.02982955300195
2024-01-10T11:38:06.173Z	271.5282193289267	317.9390497483607	271.5282193289267	317.9390497483607
2024-01-10T11:38:06.292Z	569.6076637012194	841.4608090380862	569.6076637012194	841.4608090380862
2024-01-10T11:38:06.423Z	751.09030163203	1043.7876316985435	751.09030163203	1058.7876316985435
2024-01-10T11:38:06.543Z	672.414036438909	697.3928510904117	672.414036438909	727.3928510904117
2024-01-10T11:38:06.665Z	692.7383334787727	447.0995634218906	692.7383334787727	477.0995634218906
2024-01-10T11:38:06.781Z	828.2514645212558	296.77113763360325	828.2514645212558	326.77113763360325
2024-01-10T11:38:06.898Z	906.4419117116131	378.10779374476493	906.4419117116131	408.10779374476493
2024-01-10T11:38:07.016Z	940.563067966795	454.38739166704755	940.563067966795	484.38739166704755
2024-01-10T11:38:07.131Z	1015.2908352877462	576.1377335345641	1015.2908352877462	606.1377335345641
2024-01-10T11:38:07.259Z	956.6131257164936	556.3471826288605	956.6131257164936	586.3471826288605
2024-01-10T11:38:07.374Z	962.7273081373129	582.3643990926842	962.7273081373129	612.3643990926842
2024-01-10T11:38:07.495Z	1026.9994981315929	591.110327845989	1026.9994981315929	621.110327845989
2024-01-10T11:38:07.624Z	953.4817662450196	545.2029990456883	953.4817662450196	575.2029990456883
2024-01-10T11:38:07.737Z	844.3222269229494	614.3453062713916	844.3222269229494	644.3453062713916
2024-01-10T11:38:07.856Z	867.6029258775372	588.0352735100889	867.6029258775372	618.0352735100889
2024-01-10T11:38:07.971Z	883.1850619412849	573.1891603627852	883.1850619412849	603.1891603627852
2024-01-10T11:38:08.093Z	859.1254025476306	489.07381351339137	859.1254025476306	519.0738135133913
2024-01-10T11:38:08.222Z	810.815312189538	536.8643695422287	810.815312189538	566.8643695422287
2024-01-10T11:38:08.337Z	835.054887652442	693.8563005458825	835.054887652442	723.8563005458825
2024-01-10T11:38:08.458Z	981.6810989399144	709.3586567923255	981.6810989399144	739.3586567923255
2024-01-10T11:38:08.571Z	958.2238313637204	683.4153101269405	958.2238313637204	713.4153101269405
2024-01-10T11:38:08.703Z	860.2570455887893	538.6393674457281	860.2570455887893	568.6393674457281
2024-01-10T11:38:08.822Z	775.395109595648	499.37141914628495	775.395109595648	529.371419146285
2024-01-10T11:38:08.939Z	785.2056645431823	557.1587142016303	785.2056645431823	587.1587142016303
2024-01-10T11:38:09.055Z	759.3758839562657	616.6358140281521	759.3758839562657	646.6358140281521
2024-01-10T11:38:09.173Z	810.2612208948857	567.9424033838084	810.2612208948857	597.9424033838084
2024-01-10T11:38:09.291Z	938.9405762182788	572.3240996665111	938.9405762182788	602.3240996665111
2024-01-10T11:38:09.423Z	913.2294044790931	617.0804354727309	913.2294044790931	647.0804354727309
2024-01-10T11:38:09.536Z	843.4388974092346	578.3053892867782	843.4388974092346	608.3053892867782
2024-01-10T11:38:09.655Z	780.4352565429651	594.300823425152	780.4352565429651	624.300823425152
2024-01-10T11:38:09.771Z	815.6349968278308	604.5341514215855	815.6349968278308	634.5341514215855
2024-01-10T11:38:09.904Z	858.6829149398615	538.1028479481323	858.6829149398615	568.1028479481323
2024-01-10T11:38:10.020Z	754.1452819613786	591.4362974264612	754.1452819613786	621.4362974264612
2024-01-10T11:38:10.134Z	751.8696087328956	637.3364261426735	751.8696087328956	667.3364261426735
2024-01-10T11:38:10.255Z	728.8529483306767	585.317765905261	728.8529483306767	615.317765905261
2024-01-10T11:38:10.371Z	782.7588102997714	588.7900894142584	782.7588102997714	618.7900894142584
2024-01-10T11:38:10.503Z	788.3424296468648	522.1860905037782	788.3424296468648	552.1860905037782
2024-01-10T11:38:10.622Z	754.6641199815858	589.0301359331154	754.6641199815858	619.0301359331154
2024-01-10T11:38:10.735Z	800.2026573339184	519.8311266041594	800.2026573339184	549.8311266041594
2024-01-10T11:38:10.856Z	877.5687640963728	482.7937160077276	877.5687640963728	512.7937160077277
2024-01-10T11:38:10.992Z	878.4939599349854	425.42231872021705	878.4939599349854	455.42231872021705
2024-01-10T11:38:11.092Z	906.9184530163634	443.0321999445706	906.9184530163634	473.0321999445706
2024-01-10T11:38:11.221Z	942.7566277477044	495.8906296292685	942.7566277477044	525.8906296292685
2024-01-10T11:38:11.337Z	982.882421719894	529.379618515665	982.882421719894	559.379618515665
2024-01-10T11:38:11.456Z	920.0580422811114	534.5054372700736	920.0580422811114	564.5054372700736
2024-01-10T11:38:11.573Z	879.7064932593954	452.51072753148594	879.7064932593954	482.51072753148594
2024-01-10T11:38:11.703Z	919.3732469520642	443.74281569848955	919.3732469520642	473.74281569848955
2024-01-10T11:38:11.822Z	1011.6485532502923	442.03349884637095	1011.6485532502923	472.03349884637095
2024-01-10T11:38:11.936Z	1013.5234770790629	460.8083055779449	1013.5234770790629	490.8083055779449
2024-01-10T11:38:12.055Z	1012.2493204241273	837.4919382412608	1012.2493204241273	867.4919382412608
2024-01-10T11:38:12.173Z	906.5152049774666	881.7260247133113	906.5152049774666	921.7260247133113
2024-01-10T11:38:12.294Z	827.6655664143441	695.2281142911754	827.6655664143441	745.2281142911754
2024-01-10T11:38:12.417Z	917.1071619429279	579.0922503272977	917.1071619429279	629.0922503272977
2024-01-10T11:38:12.535Z	911.2468011082802	499.74959127069127	911.2468011082802	549.7495912706913
2024-01-10T11:38:12.663Z	939.1808147872925	325.4571055472762	939.1808147872925	375.4571055472762
2024-01-10T11:38:12.780Z	1071.38161176014	335.62519611306635	1071.38161176014	385.62519611306635
2024-01-10T11:38:12.892Z	1065.4925507235532	330.26483284819227	1065.4925507235532	380.26483284819227
2024-01-10T11:38:13.023Z	1013.4141730224495	265.7567788318345	1013.4141730224495	315.7567788318345
2024-01-10T11:38:13.159Z	953.966364596927	255.513768820977	953.966364596927	305.513768820977
2024-01-10T11:38:13.264Z	929.7302629680565	296.0937572489789	929.7302629680565	346.0937572489789
2024-01-10T11:38:13.377Z	925.570705040335	343.5145872700804	925.570705040335	393.5145872700804
2024-01-10T11:38:13.492Z	945.4197417220834	407.17164951520454	945.4197417220834	457.17164951520454
2024-01-10T11:38:13.622Z	923.519359814745	447.0799605757373	923.519359814745	497.0799605757373
2024-01-10T11:38:13.735Z	824.7620867925895	476.32761263890205	824.7620867925895	526.3276126389021
2024-01-10T11:38:13.856Z	905.3380298288865	393.4719643144315	905.3380298288865	443.4719643144315
2024-01-10T11:38:13.971Z	788.3671898540791	274.5088607340901	788.3671898540791	324.5088607340901
2024-01-10T11:38:14.096Z	666.1564947029486	134.29527695907973	666.1564947029486	184.29527695907973
2024-01-10T11:38:14.224Z	671.8960651161227	114.68834071734216	671.8960651161227	164.68834071734216
2024-01-10T11:38:14.341Z	748.408085017679	200.2490453741053	748.408085017679	250.2490453741053
2024-01-10T11:38:14.458Z	789.3564495904045	545.4860432605791	789.3564495904045	595.4860432605791
2024-01-10T11:38:14.574Z	738.9593322574086	770.1728778940544	738.9593322574086	820.1728778940544
2024-01-10T11:38:14.694Z	817.756129983172	817.5549321779175	817.756129983172	872.5549321779175
2024-01-10T11:38:14.825Z	815.0613858211518	651.0139695798423	815.0613858211518	706.0139695798423
2024-01-10T11:38:14.934Z	827.8097047694365	526.5142731428538	827.8097047694365	581.5142731428538
2024-01-10T11:38:15.051Z	850.8490704820957	459.6948076614499	850.8490704820957	514.6948076614499
2024-01-10T11:38:15.171Z	869.3612741462866	459.6728229948471	869.3612741462866	514.6728229948471
2024-01-10T11:38:15.293Z	874.680081471472	432.9231677644698	874.680081471472	487.9231677644698
2024-01-10T11:38:15.421Z	926.2255445040346	447.800801998041	926.2255445040346	502.800801998041
2024-01-10T11:38:15.536Z	889.4765381365148	512.2660201060106	889.4765381365148	567.2660201060106
2024-01-10T11:38:15.655Z	928.7623061428743	589.5512864509584	928.7623061428743	644.5512864509584
2024-01-10T11:38:15.772Z	1073.1851508561467	600.7580190500053	1073.1851508561467	655.7580190500053
2024-01-10T11:38:15.894Z	861.513189529188	476.15419486020687	861.513189529188	531.1541948602069
2024-01-10T11:38:16.022Z	707.2307814960421	399.4216712876162	707.2307814960421	454.4216712876162
2024-01-10T11:38:16.136Z	696.5836895030817	463.21009608867047	696.5836895030817	518.2100960886705
2024-01-10T11:38:16.255Z	853.1481831509051	456.6658150289448	853.1481831509051	511.6658150289448
2024-01-10T11:38:16.371Z	925.0103276133347	491.34732958967476	925.0103276133347	546.3473295896747
2024-01-10T11:38:16.492Z	1076.4985093026035	563.1763961615663	1076.4985093026035	618.1763961615663
2024-01-10T11:38:16.623Z	1228.3275532947796	598.9088871143247	1228.3275532947796	653.9088871143247
2024-01-10T11:38:16.738Z	1213.2175357685917	522.9809853431332	1213.2175357685917	577.9809853431332
2024-01-10T11:38:16.856Z	1227.8795585590863	379.60764830373563	1227.8795585590863	434.60764830373563
2024-01-10T11:38:16.972Z	1148.3768176014219	331.19444454208127	1148.3768176014219	386.19444454208127
2024-01-10T11:38:17.093Z	980.0005756829734	465.3349088356243	980.0005756829734	520.3349088356242
2024-01-10T11:38:17.224Z	845.2855428894381	626.2273743457683	845.2855428894381	681.2273743457683
2024-01-10T11:38:17.340Z	777.8166628281137	575.8126395707221	777.8166628281137	630.8126395707221
2024-01-10T11:38:17.458Z	873.4912443998661	567.711869052528	873.4912443998661	622.711869052528
2024-01-10T11:38:17.576Z	872.7212734823255	561.1493226795541	872.7212734823255	616.1493226795541
2024-01-10T11:38:17.695Z	860.7450908914925	539.1241311591642	860.7450908914925	594.1241311591642
2024-01-10T11:38:17.824Z	844.4047028183286	514.2819521565941	844.4047028183286	569.2819521565941
2024-01-10T11:38:17.938Z	866.6029318639729	453.0553022968106	866.6029318639729	508.0553022968106
2024-01-10T11:38:18.056Z	954.8677453044791	433.8654009226128	954.8677453044791	488.8654009226128
2024-01-10T11:38:18.171Z	965.9417696027185	347.7812170842641	965.9417696027185	402.7812170842641
2024-01-10T11:38:18.303Z	883.982200266585	439.6855622081694	883.982200266585	494.6855622081694
2024-01-10T11:38:18.422Z	773.36317295803	446.7966044900515	773.36317295803	501.7966044900515
2024-01-10T11:38:18.546Z	680.4303387131429	408.68141270658884	680.4303387131429	463.68141270658884
2024-01-10T11:38:18.656Z	838.2615571443404	460.4575663690328	838.2615571443404	515.4575663690327
2024-01-10T11:38:18.773Z	894.4662545701182	399.8005835827273	894.4662545701182	454.8005835827273
2024-01-10T11:38:18.891Z	945.1692153915445	426.3071326643361	945.1692153915445	481.3071326643361
2024-01-10T11:38:19.023Z	920.6446761393616	356.1761443692196	920.6446761393616	411.1761443692196
2024-01-10T11:38:19.134Z	740.8887737320166	326.37130371078985	740.8887737320166	381.37130371078985
2024-01-10T11:38:19.255Z	508.77950369153643	351.92173192245355	508.77950369153643	406.92173192245355
2024-01-10T11:38:19.374Z	511.9433718523577	285.23888929080607	511.9433718523577	340.23888929080607
2024-01-10T11:38:19.492Z	577.9113748401649	213.8002062970233	577.9113748401649	268.8002062970233
2024-01-10T11:38:19.625Z	750.4520740478048	225.80287289022158	750.4520740478048	280.8028728902216
2024-01-10T11:38:19.742Z	652.8022664702444	154.05001445986622	652.8022664702444	209.05001445986622
2024-01-10T11:38:19.859Z	631.0484462030797	113.621265916817	631.0484462030797	168.62126591681698
2024-01-10T11:38:19.971Z	569.3454992185854	150.4996624064	569.3454992185854	205.4996624064
2024-01-10T11:38:20.093Z	635.1896309015356	591.0884997992861	635.1896309015356	646.0884997992861
2024-01-10T11:38:20.213Z	528.6000544810951	298.1534859978953	528.6000544810951	353.1534859978953
2024-01-10T11:38:20.332Z	646.9952483697025	111.55318193728826	646.9952483697025	166.55318193728826
2024-01-10T11:38:20.462Z	840.7387510221835	46.85261997983484	840.7387510221835	101.85261997983484
2024-01-10T11:38:20.576Z	859.4657059945496	164.883692099436	859.4657059945496	219.883692099436
2024-01-10T11:38:20.693Z	977.4638682957361	444.1265047907426	977.4638682957361	499.1265047907426
2024-01-10T11:38:20.822Z	771.5053823243628	930.5551731317729	771.5053823243628	989.5551731317729
2024-01-10T11:38:20.941Z	670.0091404074732	796.8994610864776	670.0091404074732	871.8994610864776
2024-01-10T11:38:21.057Z	746.6849892459564	515.1321145995158	746.6849892459564	595.1321145995158
2024-01-10T11:38:21.175Z	891.5309093197515	379.9790591734231	891.5309093197515	459.9790591734231
2024-01-10T11:38:21.293Z	913.1924811557672	342.6149878814031	913.1924811557672	422.6149878814031
2024-01-10T11:38:21.423Z	701.2907090953988	217.62753065763192	701.2907090953988	297.62753065763195
2024-01-10T11:38:21.539Z	427.04073810829135	-0.19388719538668653	427.04073810829135	79.80611280461332
2024-01-10T11:38:21.659Z	637.1940327411265	111.97936583076043	637.1940327411265	186.97936583076043
2024-01-10T11:38:21.781Z	760.832916952275	302.6916509775201	760.832916952275	377.6916509775201
2024-01-10T11:38:21.898Z	1021.598975439105	503.75334314478755	1021.598975439105	578.7533431447876
2024-01-10T11:38:22.012Z	975.6469174346746	538.8957118903232	975.6469174346746	613.8957118903232
2024-01-10T11:38:22.132Z	927.9773961694573	529.8356922400079	927.9773961694573	604.8356922400079
2024-01-10T11:38:22.252Z	854.6002931928341	623.9994441520157	854.6002931928341	698.9994441520157
2024-01-10T11:38:22.371Z	731.1378130508654	575.2744719362225	731.1378130508654	650.2744719362225
2024-01-10T11:38:22.502Z	584.1901136584443	466.01198901782374	584.1901136584443	541.0119890178237
2024-01-10T11:38:22.622Z	789.0995284328678	585.9721206171024	789.0995284328678	660.9721206171024
2024-01-10T11:38:22.731Z	927.6975427474675	581.7150877536678	927.6975427474675	656.7150877536678
2024-01-10T11:38:22.857Z	902.6518955211587	658.0304157655762	902.6518955211587	733.0304157655762
2024-01-10T11:38:22.972Z	918.6104804319025	429.7098714536929	918.6104804319025	504.7098714536929
2024-01-10T11:38:23.097Z	814.7964178246337	260.65481539135345	814.7964178246337	335.65481539135345
2024-01-10T11:38:23.223Z	656.890814836907	241.92785202286865	656.890814836907	316.92785202286865
2024-01-10T11:38:23.335Z	768.3514812094331	175.75073953297465	768.3514812094331	250.75073953297465
2024-01-10T11:38:23.453Z	809.4475846939577	467.2590324377861	809.4475846939577	542.2590324377861
2024-01-10T11:38:23.571Z	648.7843884854739	398.7041009340654	648.7843884854739	473.7041009340654
2024-01-10T11:38:23.693Z	440.29773050102455	181.2716309132524	440.29773050102455	256.2716309132524
2024-01-10T11:38:23.824Z	437.5013740679825	119.93929013333715	437.5013740679825	194.93929013333715
2024-01-10T11:38:23.940Z	519.4166158181939	296.59574088672264	519.4166158181939	371.59574088672264
2024-01-10T11:38:24.058Z	567.2238630970114	352.7040051786078	567.2238630970114	427.7040051786078
2024-01-10T11:38:24.172Z	384.83350238396895	247.9006080211926	384.83350238396895	322.9006080211926
2024-01-10T11:38:24.302Z	325.13066253625493	336.2811712695416	325.13066253625493	411.2811712695416
2024-01-10T11:38:24.423Z	30.239207419961918	226.96274784907285	30.239207419961918	301.96274784907285
2024-01-10T11:38:24.538Z	-94.61707157805733	196.92404380982316	-94.61707157805733	271.92404380982316
2024-01-10T11:38:24.657Z	-66.0681643961813	256.72701284254896	-66.0681643961813	331.72701284254896
2024-01-10T11:38:24.771Z	-26.57790080561415	240.61024686660437	-26.57790080561415	315.61024686660437
2024-01-10T11:38:24.895Z	558.0909527434994	143.105620910862	558.0909527434994	218.105620910862
2024-01-10T11:38:25.017Z	845.6942693602255	155.05798288096378	845.6942693602255	230.05798288096378
2024-01-10T11:38:25.135Z	195.88080655355895	211.83598225597478	195.88080655355895	286.8359822559748
2024-01-10T11:38:25.252Z	-51.98772967126435	210.7259501013463	-51.98772967126435	285.7259501013463
2024-01-10T11:38:25.371Z	-114.39228196574409	165.8634034747419	-114.39228196574409	240.8634034747419
2024-01-10T11:38:25.502Z	-14.814161128284908	94.65463595143089	-14.814161128284908	169.6546359514309
2024-01-10T11:38:25.621Z	68.38019542577928	78.4737680498987	68.38019542577928	153.4737680498987
2024-01-10T11:38:25.736Z	56.642414534120995	48.01270272824634	56.642414534120995	123.01270272824634
2024-01-10T11:38:25.854Z	211.48229132543239	124.20200281559902	211.48229132543239	199.20200281559903
2024-01-10T11:38:25.971Z	175.4307362598308	91.19152102631604	175.4307362598308	166.19152102631602
2024-01-10T11:38:26.102Z	114.04760862696209	78.22963086244663	114.04760862696209	153.22963086244664
2024-01-10T11:38:26.221Z	155.95848724178038	-14.521663322390832	155.95848724178038	60.478336677609164
2024-01-10T11:38:26.334Z	240.13958201347356	12.255332625931995	240.13958201347356	77.255332625932
2024-01-10T11:38:26.456Z	505.0669260381941	170.04660337236177	505.0669260381941	235.04660337236177
2024-01-10T11:38:26.604Z	628.3973451440976	325.5165556549072	628.3973451440976	390.5165556549072
2024-01-10T11:38:26.729Z	605.6730634464094	309.62413911404946	605.6730634464094	374.62413911404946
2024-01-10T11:38:26.845Z	1006.5653217697028	946.0052843618982	1006.5653217697028	1011.0052843618982
2024-01-10T11:38:26.968Z	959.2252736755053	838.5935234460729	959.2252736755053	918.5935234460729
2024-01-10T11:38:27.088Z	601.5651864835859	686.8187696570424	601.5651864835859	771.8187696570424
2024-01-10T11:38:27.206Z	688.1917161972658	507.97365674488213	688.1917161972658	592.9736567448822
2024-01-10T11:38:27.326Z	948.8449085487289	408.7993238623196	948.8449085487289	493.7993238623196
2024-01-10T11:38:27.441Z	958.6529666003681	415.93071288528415	958.6529666003681	500.93071288528415
2024-01-10T11:38:27.561Z	897.7890509862189	316.18597817108974	897.7890509862189	401.18597817108974
2024-01-10T11:38:27.689Z	778.567241537461	349.5053953643187	778.567241537461	434.5053953643187
2024-01-10T11:38:27.803Z	772.4940766790004	301.8851683869141	772.4940766790004	386.8851683869141
2024-01-10T11:38:27.924Z	662.1530132519421	341.9806386926785	662.1530132519421	426.9806386926785
2024-01-10T11:38:28.041Z	729.9020991181523	370.84190074646637	729.9020991181523	455.84190074646637
2024-01-10T11:38:28.163Z	530.0403574419091	454.0093436162723	530.0403574419091	539.0093436162723
2024-01-10T11:38:28.293Z	169.47744606569256	485.45199802404017	169.47744606569256	570.4519980240402
2024-01-10T11:38:28.409Z	103.509763991022	509.43267930300647	103.509763991022	594.4326793030065
2024-01-10T11:38:28.524Z	185.54979295707653	463.79589698476383	185.54979295707653	548.7958969847639
2024-01-10T11:38:28.646Z	235.778219738756	403.29135333883704	235.778219738756	488.29135333883704
2024-01-10T11:38:28.771Z	199.76113507005317	416.6208971636278	199.76113507005317	501.6208971636278
2024-01-10T11:38:28.888Z	225.0811686913121	532.3085849246637	225.0811686913121	617.3085849246637
2024-01-10T11:38:29.006Z	307.07383187225315	509.1207179895168	307.07383187225315	594.1207179895168
2024-01-10T11:38:29.135Z	286.41283231572095	575.5323157872833	286.41283231572095	660.5323157872833
2024-01-10T11:38:29.254Z	330.76611535002525	658.9494456996518	330.76611535002525	743.9494456996518
2024-01-10T11:38:29.367Z	288.0937648651415	560.5095138463562	288.0937648651415	645.5095138463562
2024-01-10T11:38:29.482Z	303.3664410285089	608.1033493655641	303.3664410285089	693.1033493655641
2024-01-10T11:38:29.614Z	342.033271627988	608.0206570401939	342.033271627988	693.0206570401939
2024-01-10T11:38:29.727Z	359.5227470533351	554.8767928158536	359.5227470533351	639.8767928158536
2024-01-10T11:38:29.842Z	320.7109417260319	607.4205361581714	320.7109417260319	692.4205361581714
2024-01-10T11:38:29.973Z	197.5791467132108	618.4303515279665	197.5791467132108	703.4303515279665
2024-01-10T11:38:30.088Z	284.68670119754734	629.6434164072041	284.68670119754734	714.6434164072041
2024-01-10T11:38:30.203Z	383.4330820610476	639.8020186100604	383.4330820610476	724.8020186100604
2024-01-10T11:38:30.330Z	358.0154732147563	593.9255349333072	358.0154732147563	678.9255349333072
2024-01-10T11:38:30.447Z	311.45550925596456	604.7634728477448	311.45550925596456	689.7634728477448
2024-01-10T11:38:30.572Z	279.04210036049324	591.0303945620549	279.04210036049324	676.0303945620549
2024-01-10T11:38:30.689Z	397.99587736319404	584.0082968717136	397.99587736319404	669.0082968717136
2024-01-10T11:38:30.802Z	409.18954079694106	596.387917194324	409.18954079694106	681.387917194324
2024-01-10T11:38:30.922Z	392.0265646695662	585.0238102859362	392.0265646695662	670.0238102859362
2024-01-10T11:38:31.040Z	763.3684084009606	889.7142879681955	763.3684084009606	974.7142879681955
2024-01-10T11:38:31.161Z	716.856831485647	908.6289977412239	716.856831485647	1013.6289977412239
2024-01-10T11:38:31.289Z	446.9791145254793	815.720304746357	446.9791145254793	935.720304746357
2024-01-10T11:38:31.406Z	556.7735926678115	619.4634115605038	556.7735926678115	739.4634115605038
2024-01-10T11:38:31.535Z	753.1000979126029	399.43393066626976	753.1000979126029	519.4339306662698
2024-01-10T11:38:31.653Z	851.9876230665759	370.0625721489919	851.9876230665759	490.0625721489919
2024-01-10T11:38:31.768Z	857.9177211726798	381.9319128968977	857.9177211726798	501.9319128968977
2024-01-10T11:38:31.884Z	819.461005705257	350.1171084326213	819.461005705257	470.1171084326213
2024-01-10T11:38:32.000Z	817.7927385704038	362.1649140869541	817.7927385704038	482.1649140869541
2024-01-10T11:38:32.121Z	707.9464642142182	309.75641148935085	707.9464642142182	429.75641148935085
2024-01-10T11:38:32.241Z	751.0839029555759	287.2436704110099	751.0839029555759	407.2436704110099
2024-01-10T11:38:32.362Z	610.0910713448446	357.46093638834964	610.0910713448446	477.46093638834964
2024-01-10T11:38:32.491Z	304.10338816868847	640.3316498735186	304.10338816868847	760.3316498735186
2024-01-10T11:38:32.610Z	227.82990347266048	681.3666527461711	227.82990347266048	801.3666527461711
2024-01-10T11:38:32.729Z	324.01279055475925	613.5053078467713	324.01279055475925	733.5053078467713
2024-01-10T11:38:32.840Z	320.8980517822557	503.1320271895097	320.8980517822557	623.1320271895097
2024-01-10T11:38:32.973Z	995.663342904674	859.0198567711296	995.663342904674	979.0198567711296
2024-01-10T11:38:33.089Z	925.8931269844912	857.4134511645798	925.8931269844912	991.4134511645798
2024-01-10T11:38:33.204Z	740.8627219895557	869.0178678455329	740.8627219895557	1019.0178678455329
2024-01-10T11:38:33.330Z	463.6402469545417	709.966957784833	463.6402469545417	869.966957784833
2024-01-10T11:38:33.453Z	680.5406212639818	493.02134937002177	680.5406212639818	653.0213493700218
2024-01-10T11:38:33.573Z	846.0673287899155	470.3518601959263	846.0673287899155	630.3518601959263
2024-01-10T11:38:33.689Z	796.9761839582571	572.8660395649016	796.9761839582571	732.8660395649016
2024-01-10T11:38:33.812Z	656.5314142063376	468.8347258190566	656.5314142063376	628.8347258190565
2024-01-10T11:38:33.933Z	568.0255455997958	400.17118757280593	568.0255455997958	560.1711875728059
2024-01-10T11:38:34.040Z	488.8229102306554	462.7744403513875	488.8229102306554	622.7744403513875
2024-01-10T11:38:34.163Z	984.9090200396474	364.6212946463786	984.9090200396474	524.6212946463786
2024-01-10T11:38:34.286Z	1043.9695021125085	230.78165048244207	1043.9695021125085	390.78165048244205
2024-01-10T11:38:34.410Z	820.7184604996286	269.29947709085206	820.7184604996286	429.29947709085206
2024-01-10T11:38:34.533Z	567.5257217254518	407.22687063102677	567.5257217254518	567.2268706310267
2024-01-10T11:38:34.641Z	581.7465605530347	600.8863842081503	581.7465605530347	760.8863842081503
2024-01-10T11:38:34.775Z	599.6980306884798	829.6952537708945	599.6980306884798	989.6952537708945
2024-01-10T11:38:34.888Z	600.6891396115907	810.053662801538	600.6891396115907	980.053662801538
2024-01-10T11:38:35.002Z	579.9922677289544	713.4632830659361	579.9922677289544	883.4632830659361
2024-01-10T11:38:35.128Z	842.6737662912496	559.9886993707029	842.6737662912496	729.9886993707029
2024-01-10T11:38:35.248Z	834.6717463562045	273.00487671112535	834.6717463562045	443.00487671112535
2024-01-10T11:38:35.371Z	581.847233728871	205.96185817764243	581.847233728871	375.9618581776424
2024-01-10T11:38:35.490Z	661.4376762078844	263.35413503445005	661.4376762078844	433.35413503445005
2024-01-10T11:38:35.609Z	845.2971926925128	501.52959846379287	845.2971926925128	671.5295984637928
2024-01-10T11:38:35.729Z	827.3766885379199	609.440093619774	827.3766885379199	779.440093619774
2024-01-10T11:38:35.846Z	760.6202813923129	696.8168799767485	760.6202813923129	866.8168799767485
2024-01-10T11:38:35.964Z	760.4677465511138	582.0692839917231	760.4677465511138	752.0692839917231
2024-01-10T11:38:36.091Z	535.9997053800054	588.414404672086	535.9997053800054	758.414404672086
2024-01-10T11:38:36.203Z	535.7941286757788	591.0414665535367	535.7941286757788	761.0414665535367
2024-01-10T11:38:36.321Z	440.5286363348909	382.59112759205334	440.5286363348909	552.5911275920533
2024-01-10T11:38:36.441Z	581.129170106424	429.32605939784185	581.129170106424	599.3260593978418
2024-01-10T11:38:36.568Z	572.410371589293	475.7248469035981	572.410371589293	645.7248469035981
2024-01-10T11:38:36.687Z	415.41040271533643	368.37897396512466	415.41040271533643	538.3789739651247
2024-01-10T11:38:36.806Z	432.2924818491516	309.2535769220426	432.2924818491516	479.2535769220426
2024-01-10T11:38:36.928Z	367.69356920258735	295.5172093271808	367.69356920258735	465.5172093271808
2024-01-10T11:38:37.045Z	376.253534733424	337.610449511385	376.253534733424	507.610449511385
2024-01-10T11:38:37.172Z	415.8975045788861	325.90619848506213	415.8975045788861	495.90619848506213
2024-01-10T11:38:37.285Z	300.18128355842754	350.3778429247513	300.18128355842754	520.3778429247513
2024-01-10T11:38:37.400Z	247.7033295178059	372.214490688617	247.7033295178059	542.2144906886169
2024-01-10T11:38:37.530Z	334.8133888500776	529.4639727923241	334.8133888500776	699.4639727923241
2024-01-10T11:38:37.654Z	322.96536165547343	401.08097462492253	322.96536165547343	571.0809746249225
2024-01-10T11:38:37.773Z	362.8857143301615	481.7082331616205	362.8857143301615	651.7082331616205
2024-01-10T11:38:37.898Z	312.4854988645632	348.1588362798859	312.4854988645632	518.1588362798859
2024-01-10T11:38:38.009Z	315.82666263596207	393.7507584691993	315.82666263596207	563.7507584691994
2024-01-10T11:38:38.141Z	464.2505601293932	392.34098667307455	464.2505601293932	562.3409866730746
2024-01-10T11:38:38.272Z	491.5836945735753	408.0433089184908	491.5836945735753	578.0433089184908
2024-01-10T11:38:38.403Z	393.39198149756066	268.06332498745974	393.39198149756066	438.06332498745974
2024-01-10T11:38:38.521Z	298.97226079059175	199.41453027089642	298.97226079059175	369.4145302708964
2024-01-10T11:38:38.636Z	204.78166806524175	261.49079771626856	204.78166806524175	431.49079771626856
2024-01-10T11:38:38.753Z	259.56669110506766	353.1200873988388	259.56669110506766	523.1200873988388
2024-01-10T11:38:38.871Z	313.85859939898074	322.29323160726364	313.85859939898074	492.29323160726364
2024-01-10T11:38:39.002Z	418.16693213516294	363.65804364241814	418.16693213516294	533.6580436424181
2024-01-10T11:38:39.123Z	317.47517912027445	433.24726018594714	317.47517912027445	603.2472601859472
2024-01-10T11:38:39.234Z	258.1437692993969	408.0436166203566	258.1437692993969	578.0436166203566
2024-01-10T11:38:39.357Z	344.0470470165002	427.9716142884433	344.0470470165002	597.9716142884433
2024-01-10T11:38:39.472Z	508.78648648315186	477.2050870017932	508.78648648315186	647.2050870017931
2024-01-10T11:38:39.605Z	543.6968398291749	484.96337216808195	543.6968398291749	654.963372168082
2024-01-10T11:38:39.712Z	487.9523095171343	266.44040163193	487.9523095171343	436.44040163193
2024-01-10T11:38:39.842Z	426.2899510913688	236.17572840990337	426.2899510913688	406.1757284099034
2024-01-10T11:38:39.958Z	454.15536593761743	406.6815523995615	454.15536593761743	576.6815523995615
2024-01-10T11:38:40.074Z	402.95685302468485	420.8266965671461	402.95685302468485	590.8266965671461
2024-01-10T11:38:40.212Z	441.258042208737	223.92213733208663	441.258042208737	393.92213733208666
2024-01-10T11:38:40.347Z	823.9650401573451	480.9070876617124	823.9650401573451	650.9070876617125
2024-01-10T11:38:40.466Z	1041.5317754119346	676.9832878908252	1041.5317754119346	846.9832878908252
2024-01-10T11:38:40.585Z	909.488706133886	553.7922572160744	909.488706133886	723.7922572160744
2024-01-10T11:38:40.701Z	767.8814253288781	468.9774012035529	767.8814253288781	638.977401203553
2024-01-10T11:38:40.821Z	921.951441565928	736.8695397991048	921.951441565928	906.8695397991048
2024-01-10T11:38:40.940Z	1165.0733322071355	821.5324831348858	1165.0733322071355	1001.5324831348858
2024-01-10T11:38:41.074Z	1421.795533317736	681.4614450362278	1421.795533317736	861.4614450362278
2024-01-10T11:38:41.188Z	1450.7355781118792	524.3368783802802	1450.7355781118792	704.3368783802802
2024-01-10T11:38:41.302Z	1355.9482609716956	478.4984648423334	1355.9482609716956	658.4984648423334
2024-01-10T11:38:41.422Z	1381.648965726702	608.6103160405045	1381.648965726702	788.6103160405045
2024-01-10T11:38:41.542Z	1174.962272579289	477.38329036911233	1174.962272579289	657.3832903691123
2024-01-10T11:38:41.664Z	1273.5013535183243	357.9044546642018	1273.5013535183243	537.9044546642018
2024-01-10T11:38:41.802Z	1532.4673832027818	275.7200784473399	1532.4673832027818	455.7200784473399
2024-01-10T11:38:41.902Z	1479.5807533490395	337.30988028965396	1479.5807533490395	517.309880289654
2024-01-10T11:38:42.033Z	1515.8600878241957	347.7115202615905	1515.8600878241957	527.7115202615905
2024-01-10T11:38:42.149Z	1493.9362694013937	354.6155190464072	1493.9362694013937	534.6155190464071
2024-01-10T11:38:42.264Z	1400.0543265927256	317.6462295809193	1400.0543265927256	497.6462295809193
2024-01-10T11:38:42.388Z	1411.9754094689758	232.55856118281005	1411.9754094689758	412.5585611828101
2024-01-10T11:38:42.501Z	1557.6502816561401	343.70867840962325	1557.6502816561401	523.7086784096232
2024-01-10T11:38:42.621Z	1835.640944492224	611.1711677372712	1835.640944492224	791.1711677372712
2024-01-10T11:38:42.741Z	1731.5109400795252	503.01617083990817	1731.5109400795252	683.0161708399082
2024-01-10T11:38:42.868Z	1392.6020345977445	474.2175824910456	1392.6020345977445	654.2175824910456
2024-01-10T11:38:42.988Z	1660.3901939563236	471.8116593188036	1660.3901939563236	651.8116593188035
2024-01-10T11:38:43.109Z	1539.5712156337556	479.43297024683807	1539.5712156337556	659.4329702468381
2024-01-10T11:38:43.223Z	1385.7406471800816	463.53990256033876	1385.7406471800816	643.5399025603388
2024-01-10T11:38:43.341Z	1388.3993964227473	423.02850336708406	1388.3993964227473	603.0285033670841
2024-01-10T11:38:43.469Z	1484.825081438801	397.12548167204125	1484.825081438801	577.1254816720412
2024-01-10T11:38:43.588Z	1507.5901499622717	512.1969001195498	1507.5901499622717	692.1969001195498
2024-01-10T11:38:43.700Z	1467.2526521099737	479.40557580143565	1467.2526521099737	659.4055758014356
2024-01-10T11:38:43.821Z	1553.1667711035402	310.43275991312737	1553.1667711035402	490.43275991312737
2024-01-10T11:38:43.940Z	1581.7323559131557	358.0584578514201	1581.7323559131557	538.0584578514201
2024-01-10T11:38:44.069Z	1495.4780461215082	356.0280423731558	1495.4780461215082	536.0280423731558
2024-01-10T11:38:44.188Z	1509.7733535592604	167.4655688568242	1509.7733535592604	347.46556885682423
2024-01-10T11:38:44.300Z	1504.1950919424714	241.09844891590217	1504.1950919424714	421.09844891590217
2024-01-10T11:38:44.432Z	1519.7901128980968	396.0557199723344	1519.7901128980968	576.0557199723344
2024-01-10T11:38:44.541Z	1664.2736090435515	463.8399950894635	1664.2736090435515	643.8399950894635
2024-01-10T11:38:44.672Z	1507.1033723146231	556.7649752578752	1507.1033723146231	736.7649752578752
2024-01-10T11:38:44.788Z	1462.9467237512404	574.8963309018723	1462.9467237512404	754.8963309018723
2024-01-10T11:38:44.901Z	1468.20367795845	555.119682100629	1468.20367795845	735.119682100629
2024-01-10T11:38:45.031Z	1363.2431428778445	464.5607267696787	1363.2431428778445	644.5607267696787
2024-01-10T11:38:45.140Z	1467.537633984539	277.28831072676036	1467.537633984539	457.28831072676036
2024-01-10T11:38:45.271Z	1371.7886296892789	264.353035651808	1371.7886296892789	444.353035651808
2024-01-10T11:38:45.388Z	1459.1057524905611	418.031134872269	1459.1057524905611	598.0311348722689
2024-01-10T11:38:45.502Z	1602.9614706092307	585.0422464856313	1602.9614706092307	765.0422464856313
2024-01-10T11:38:45.621Z	1725.5276602226475	539.3538413478633	1725.5276602226475	719.3538413478633
2024-01-10T11:38:45.741Z	1680.2057399396072	463.99304500524653	1680.2057399396072	643.9930450052466
2024-01-10T11:38:45.870Z	1586.1598585726726	560.4178687462481	1586.1598585726726	740.4178687462481
2024-01-10T11:38:45.987Z	1192.757136770092	747.1434428004629	1192.757136770092	927.1434428004629
2024-01-10T11:38:46.105Z	1095.4417385350534	783.4336138173595	1095.4417385350534	963.4336138173595
2024-01-10T11:38:46.224Z	1143.8008370074808	705.251914621478	1143.8008370074808	885.251914621478
2024-01-10T11:38:46.341Z	1078.5390616056545	680.4748951394628	1078.5390616056545	860.4748951394628
2024-01-10T11:38:46.466Z	854.2957753303416	605.1239221158871	854.2957753303416	785.1239221158871
2024-01-10T11:38:46.582Z	631.3563167174876	687.0398767586922	631.3563167174876	867.0398767586922
2024-01-10T11:38:46.701Z	579.0365543319799	728.4929747205505	579.0365543319799	908.4929747205505
2024-01-10T11:38:46.821Z	697.5461111910168	664.9261762435942	697.5461111910168	844.9261762435942
2024-01-10T11:38:46.940Z	821.7250345652996	753.2775034665863	821.7250345652996	933.2775034665863
2024-01-10T11:38:47.065Z	886.0997375296208	829.7952771679675	886.0997375296208	1009.7952771679675
2024-01-10T11:38:47.180Z	902.7020330199767	723.0870290004281	902.7020330199767	903.0870290004281
2024-01-10T11:38:47.300Z	937.5763259366495	749.8872655746209	937.5763259366495	929.8872655746209
2024-01-10T11:38:47.421Z	1174.0291560997566	684.1962462537623	1174.0291560997566	864.1962462537623
2024-01-10T11:38:47.540Z	1187.4733581767273	622.8335327188466	1187.4733581767273	802.8335327188466
2024-01-10T11:38:47.661Z	1146.4399855182971	457.77786914895563	1146.4399855182971	637.7778691489557
2024-01-10T11:38:47.801Z	1083.2890308243063	291.3676345576092	1083.2890308243063	471.3676345576092
2024-01-10T11:38:47.903Z	1014.1691900790192	290.8822118350331	1014.1691900790192	470.8822118350331
2024-01-10T11:38:48.022Z	816.314730617783	313.78364521390705	816.314730617783	493.78364521390705
2024-01-10T11:38:48.140Z	580.3355206077861	328.4486989390322	580.3355206077861	508.4486989390322
2024-01-10T11:38:48.269Z	864.4586235130047	246.13261005352058	864.4586235130047	426.1326100535206
2024-01-10T11:38:48.392Z	1148.095469113522	350.15541991931616	1148.095469113522	530.1554199193162
2024-01-10T11:38:48.509Z	1182.0394153169634	284.2431500006996	1182.0394153169634	464.2431500006996
2024-01-10T11:38:48.621Z	1175.8030504483916	307.2615174556682	1175.8030504483916	487.2615174556682
2024-01-10T11:38:48.741Z	964.2957583203953	423.54810553543524	964.2957583203953	603.5481055354353
2024-01-10T11:38:48.862Z	981.150615979747	486.6326101699826	981.150615979747	666.6326101699826
2024-01-10T11:38:48.990Z	1150.4109686264007	371.411261650021	1150.4109686264007	551.4112616500211
2024-01-10T11:38:49.108Z	1175.8980106831784	330.7192935291288	1175.8980106831784	510.7192935291288
2024-01-10T11:38:49.221Z	1120.01456478234	332.25960655297075	1120.01456478234	512.2596065529708
2024-01-10T11:38:49.362Z	912.1888070237676	221.0393687265539	912.1888070237676	401.0393687265539
2024-01-10T11:38:49.473Z	853.991849239419	265.0624348108208	853.991849239419	445.0624348108208
2024-01-10T11:38:49.588Z	1008.195230445065	337.6021015214613	1008.195230445065	517.6021015214612
2024-01-10T11:38:49.707Z	1019.8410532881688	259.5237229580073	1019.8410532881688	439.5237229580073
2024-01-10T11:38:49.822Z	988.0405918710915	249.84738970242947	988.0405918710915	429.8473897024295
2024-01-10T11:38:49.941Z	985.7446975643334	110.9346750428767	985.7446975643334	290.93467504287673
2024-01-10T11:38:50.061Z	920.3987328882458	99.75420414312613	920.3987328882458	279.7542041431261
2024-01-10T11:38:50.190Z	974.4314674063102	-123.12477383562198	974.4314674063102	51.87522616437802
2024-01-10T11:38:50.312Z	919.6451076301905	-131.2802390367429	919.6451076301905	23.7197609632571
2024-01-10T11:38:50.426Z	841.023959384331	-44.75433814373663	841.023959384331	95.24566185626337
2024-01-10T11:38:50.547Z	910.9411041329986	127.25875721626257	910.9411041329986	257.25875721626255
2024-01-10T11:38:50.670Z	1081.194671526703	407.67380026782286	1081.194671526703	537.6738002678228
2024-01-10T11:38:50.784Z	1195.1515594686564	571.2585362054654	1195.1515594686564	701.2585362054654
2024-01-10T11:38:50.900Z	1354.002188728201	590.3040526849381	1354.002188728201	720.3040526849381
2024-01-10T11:38:51.039Z	1110.0760459573016	549.1668810616363	1110.0760459573016	679.1668810616363
2024-01-10T11:38:51.141Z	1038.2690298251111	530.1688637560732	1038.2690298251111	660.1688637560732
2024-01-10T11:38:51.271Z	862.9703202883092	429.78713647364765	862.9703202883092	559.7871364736477
2024-01-10T11:38:51.387Z	790.0098824511439	211.0849312107487	790.0098824511439	341.08493121074866
2024-01-10T11:38:51.506Z	806.9402793516939	282.81243262065993	806.9402793516939	412.81243262065993
2024-01-10T11:38:51.625Z	754.5626569173533	277.63539199296724	754.5626569173533	407.63539199296724
2024-01-10T11:38:51.745Z	767.0942793341851	166.6044339051723	767.0942793341851	296.6044339051723
2024-01-10T11:38:51.864Z	730.3107697302362	123.94647795202079	730.3107697302362	253.94647795202079
2024-01-10T11:38:51.981Z	837.1622552946544	120.90764995080832	837.1622552946544	250.90764995080832
2024-01-10T11:38:52.106Z	833.3793083070104	42.783985398828634	833.3793083070104	172.78398539882863
2024-01-10T11:38:52.232Z	610.4259187210998	-125.17413336758905	610.4259187210998	-5.17413336758905
2024-01-10T11:38:52.340Z	800.2000233415068	20.75154281376354	800.2000233415068	125.75154281376354
2024-01-10T11:38:52.468Z	786.7925367042277	194.3495795333084	786.7925367042277	294.34957953330843
2024-01-10T11:38:52.588Z	894.8096255491554	353.1893796733205	894.8096255491554	453.1893796733205
2024-01-10T11:38:52.709Z	1025.5024158283002	438.138385520255	1025.5024158283002	538.138385520255
2024-01-10T11:38:52.827Z	1132.008016118884	366.7173420387803	1132.008016118884	466.7173420387803
2024-01-10T11:38:52.947Z	856.7086939556586	328.8629854219861	856.7086939556586	428.8629854219861
2024-01-10T11:38:53.065Z	539.2232551241761	221.09958097410168	539.2232551241761	321.0995809741017
2024-01-10T11:38:53.189Z	573.8163466014829	-44.13952234311702	573.8163466014829	55.86047765688298
2024-01-10T11:38:53.302Z	841.2831676046333	65.02335523893845	841.2831676046333	155.02335523893845
2024-01-10T11:38:53.425Z	950.9533855088661	288.98261879058515	950.9533855088661	378.98261879058515
2024-01-10T11:38:53.548Z	1043.9757983588322	344.4678751437378	1043.9757983588322	434.4678751437378
2024-01-10T11:38:53.660Z	1073.9190746233696	355.2192397505192	1073.9190746233696	445.2192397505192
2024-01-10T11:38:53.794Z	979.4869095716156	390.9578033164427	979.4869095716156	480.9578033164427
2024-01-10T11:38:53.913Z	1093.3440932217366	490.3778517314873	1093.3440932217366	580.3778517314872
2024-01-10T11:38:54.027Z	1241.5889110842827	451.9026176371005	1241.5889110842827	541.9026176371005
2024-01-10T11:38:54.145Z	1129.788075855063	480.982012116071	1129.788075855063	570.982012116071
2024-01-10T11:38:54.265Z	1057.043280571103	550.8602065850457	1057.043280571103	640.8602065850457
2024-01-10T11:38:54.410Z	1027.2484413412744	408.8534656427192	1027.2484413412744	498.8534656427192
2024-01-10T11:38:54.508Z	1036.6453745097303	194.42302885190145	1036.6453745097303	284.42302885190145
2024-01-10T11:38:54.632Z	1328.4033160737536	293.03229469178	1328.4033160737536	383.03229469178
2024-01-10T11:38:54.749Z	1401.7123302072325	257.7259400919806	1401.7123302072325	347.7259400919806
2024-01-10T11:38:54.865Z	1364.9332923053707	383.95090858025435	1364.9332923053707	473.95090858025435
2024-01-10T11:38:54.984Z	1209.39743972101	297.8093484225078	1209.39743972101	387.8093484225078
2024-01-10T11:38:55.103Z	855.415907116779	159.54126551693	855.415907116779	249.54126551693
2024-01-10T11:38:55.227Z	726.0352986203341	148.35693567715717	726.0352986203341	238.35693567715717
2024-01-10T11:38:55.341Z	654.850078699366	114.92319781796104	654.850078699366	204.92319781796104
2024-01-10T11:38:55.460Z	655.9035726386534	127.80965917110356	655.9035726386534	217.80965917110356
2024-01-10T11:38:55.588Z	560.4168986898804	101.36381747857463	560.4168986898804	191.36381747857462
2024-01-10T11:38:55.707Z	460.65862284405813	5.675714780081954	460.65862284405813	95.67571478008196
2024-01-10T11:38:55.826Z	394.1871564333015	-27.592678632278492	394.1871564333015	47.40732136772151