time	position_x	position_y	scroll_x	scroll_y
2024-01-09T07:53:50.913Z	500.12539659586776	499.8547757372643	500.12539659586776	499.8547757372643
2024-01-09T07:53:51.027Z	500.28262857533815	500.7659279301123	500.28262857533815	500.7659279301123
2024-01-09T07:53:51.148Z	495.5899772208282	502.41121054273214	495.5899772208282	502.41121054273214
2024-01-09T07:53:51.268Z	500.9609445294783	500.24809204862214	500.9609445294783	500.24809204862214
2024-01-09T07:53:51.387Z	515.3364128226735	502.3473384167001	515.3364128226735	502.3473384167001
2024-01-09T07:53:51.507Z	538.5684416698817	493.6498628807708	538.5684416698817	493.6498628807708
2024-01-09T07:53:51.627Z	568.5642737265816	481.07418681516555	568.5642737265816	481.07418681516555
2024-01-09T07:53:51.747Z	600.9692614074946	466.60614123032366	600.9692614074946	466.60614123032366
2024-01-09T07:53:51.867Z	631.5476884427137	452.34634830526267	631.5476884427137	452.34634830526267
2024-01-09T07:53:51.988Z	640.4654145139589	416.3758348823045	640.4654145139589	416.3758348823045
2024-01-09T07:53:52.107Z	663.1884429097943	408.9221249755811	663.1884429097943	408.9221249755811
2024-01-09T07:53:52.235Z	693.6971534803387	401.3104283249636	693.6971534803387	401.3104283249636
2024-01-09T07:53:52.347Z	702.6181877451369	400.16960219505444	702.6181877451369	400.16960219505444
2024-01-09T07:53:52.467Z	827.0764033871724	322.143814457716	827.0764033871724	322.143814457716
2024-01-09T07:53:52.587Z	812.5541925946844	334.6152094679707	812.5541925946844	334.6152094679707
2024-01-09T07:53:52.707Z	796.5652467858004	347.307243034354	796.5652467858004	347.307243034354
2024-01-09T07:53:52.827Z	761.4922688658097	334.4058768115074	761.4922688658097	334.4058768115074
2024-01-09T07:53:52.947Z	747.9724704698284	349.8333448566387	747.9724704698284	349.8333448566387
2024-01-09T07:53:53.067Z	735.1568572288097	364.1886256693311	735.1568572288097	364.1886256693311
2024-01-09T07:53:53.187Z	723.3602329572574	377.1911639845675	723.3602329572574	377.1911639845675
2024-01-09T07:53:53.307Z	694.0751417156637	363.2124962760724	694.0751417156637	363.2124962760724
2024-01-09T07:53:53.427Z	687.6019766881693	376.89737858351685	687.6019766881693	376.89737858351685
2024-01-09T07:53:53.547Z	682.3931404487859	388.89458008151604	682.3931404487859	388.89458008151604
2024-01-09T07:53:53.667Z	562.4504413068914	433.3504589107978	562.4504413068914	433.3504589107978
2024-01-09T07:53:53.787Z	557.883540595838	411.22174376623946	557.883540595838	411.22174376623946
2024-01-09T07:53:53.907Z	459.1452894527334	451.3450420452719	459.1452894527334	451.3450420452719
2024-01-09T07:53:54.027Z	474.5220674560369	425.2087262414209	474.5220674560369	425.2087262414209
2024-01-09T07:53:54.147Z	393.7428344223757	461.8758792770702	393.7428344223757	461.8758792770702
2024-01-09T07:53:54.267Z	327.7187435791188	492.64575112343937	327.7187435791188	492.64575112343937
2024-01-09T07:53:55.396Z	80.25617200864932	312.4114053196528	80.25617200864932	312.4114053196528
2024-01-09T07:53:57.192Z	345.4017861893309	370.8641270170388	345.4017861893309	370.8641270170388
2024-01-09T07:53:57.352Z	415.4758267366063	190.31662478507752	415.4758267366063	190.31662478507752
2024-01-09T07:53:57.485Z	472.58454186473534	118.40547838916353	472.58454186473534	118.40547838916353
2024-01-09T07:53:57.629Z	909.2557918414379	224.01951824809947	909.2557918414379	224.01951824809947
2024-01-09T07:53:57.774Z	634.788843173261	278.9895164920729	634.788843173261	278.9895164920729
2024-01-09T07:53:57.939Z	428.8034328802987	98.48128675050458	428.8034328802987	98.48128675050458
2024-01-09T07:53:58.085Z	283.61898942904566	25.813393947416458	283.61898942904566	25.813393947416458
2024-01-09T07:53:58.231Z	57.644847786506915	22.2170720467977	57.644847786506915	22.2170720467977
2024-01-09T07:53:58.326Z	10.137523724223627	148.2495271074309	10.137523724223627	148.2495271074309
2024-01-09T07:53:58.473Z	-141.73220811520278	242.5841473054635	-141.73220811520278	242.5841473054635
2024-01-09T07:53:58.617Z	192.63475963026787	251.3237403799577	192.63475963026787	251.3237403799577
2024-01-09T07:53:58.713Z	111.87688267598219	159.73401902432354	111.87688267598219	159.73401902432354
2024-01-09T07:53:58.856Z	315.7962094568371	74.64234123184316	315.7962094568371	74.64234123184316
2024-01-09T07:53:58.951Z	371.83725465178554	31.19247065743395	371.83725465178554	31.19247065743395
2024-01-09T07:53:59.098Z	388.621394455069	13.807018769836553	388.621394455069	13.807018769836553
2024-01-09T07:53:59.229Z	387.8075559088466	36.48158007833676	387.8075559088466	36.48158007833676
2024-01-09T07:53:59.345Z	318.2224191614894	25.782612894312045	318.2224191614894	25.782612894312045
2024-01-09T07:53:59.504Z	211.79658259958566	-25.958373685988235	211.79658259958566	-25.958373685988235
2024-01-09T07:53:59.649Z	285.8333722649054	-36.165622361421576	285.8333722649054	-36.165622361421576
2024-01-09T07:53:59.790Z	158.77207918365175	-175.5319020785564	158.77207918365175	-175.5319020785564
2024-01-09T07:53:59.933Z	145.32967283978795	-126.70841282935332	145.32967283978795	-126.70841282935332
2024-01-09T07:54:00.062Z	407.7280655594484	-90.7582358285268	407.7280655594484	-90.7582358285268
2024-01-09T07:54:00.221Z	806.5271785951371	-66.40163398411406	806.5271785951371	-66.40163398411406
2024-01-09T07:54:00.368Z	442.4826897509624	136.55480013288042	442.4826897509624	136.55480013288042
2024-01-09T07:54:00.503Z	451.55063511420707	281.0776686938477	451.55063511420707	281.0776686938477
2024-01-09T07:54:00.657Z	581.8722558552537	415.3282910785755	581.8722558552537	415.3282910785755
2024-01-09T07:54:00.809Z	570.2185744431006	412.2485495167289	570.2185744431006	412.2485495167289
2024-01-09T07:54:00.958Z	560.6921570451576	306.3253878679603	560.6921570451576	306.3253878679603
2024-01-09T07:54:01.111Z	680.2809219643437	347.4873107760852	680.2809219643437	347.4873107760852
2024-01-09T07:54:01.263Z	438.51030224519013	458.09284829938855	438.51030224519013	458.09284829938855
2024-01-09T07:54:01.415Z	534.1723358110211	498.560719593887	534.1723358110211	498.560719593887
2024-01-09T07:54:01.546Z	536.4396510853242	393.4506663018454	536.4396510853242	393.4506663018454
2024-01-09T07:54:01.692Z	533.2695441260043	327.820949552196	533.2695441260043	327.820949552196
2024-01-09T07:54:01.809Z	391.0313857474532	296.1495761357416	391.0313857474532	296.1495761357416
2024-01-09T07:54:01.923Z	328.4286657507015	246.81433765793162	328.4286657507015	246.81433765793162
2024-01-09T07:54:02.077Z	287.44652322122096	245.53327530501258	287.44652322122096	245.53327530501258
2024-01-09T07:54:02.214Z	292.7200324640908	286.7170333900178	292.7200324640908	286.7170333900178
2024-01-09T07:54:02.384Z	478.19600161362615	537.6231000107299	478.19600161362615	537.6231000107299
2024-01-09T07:54:02.536Z	227.1282408202422	617.6159166851638	227.1282408202422	617.6159166851638
2024-01-09T07:54:02.669Z	241.66791382940528	646.7340349501577	241.66791382940528	646.7340349501577
2024-01-09T07:54:02.820Z	174.6563362715531	751.2021299042992	174.6563362715531	756.2021299042992
2024-01-09T07:54:02.971Z	300.2935312070123	755.7359263009286	300.2935312070123	760.7359263009286
2024-01-09T07:54:03.121Z	422.5819565815176	567.9573669160961	422.5819565815176	572.9573669160961
2024-01-09T07:54:03.274Z	378.6770191229692	634.5591511716966	378.6770191229692	639.5591511716966
2024-01-09T07:54:03.387Z	706.7727825783492	612.6747406882517	706.7727825783492	617.6747406882517
2024-01-09T07:54:03.542Z	983.8846144098093	708.7866675617081	983.8846144098093	713.7866675617081
2024-01-09T07:54:03.678Z	1037.3651380147314	615.5970531997145	1037.3651380147314	620.5970531997145
2024-01-09T07:54:03.843Z	1242.4281273696206	530.4973364551267	1242.4281273696206	535.4973364551267
2024-01-09T07:54:03.957Z	1477.4570080817214	538.5047806782048	1477.4570080817214	543.5047806782048
2024-01-09T07:54:04.109Z	1471.8669670024924	467.592061294771	1471.8669670024924	472.592061294771
2024-01-09T07:54:04.208Z	1375.103167220741	481.7607385448354	1375.103167220741	486.7607385448354
2024-01-09T07:54:04.360Z	1189.3005984119895	292.10411612537564	1189.3005984119895	297.10411612537564
2024-01-09T07:54:04.497Z	1184.2543018227211	406.09544298336726	1184.2543018227211	411.09544298336726
2024-01-09T07:54:04.666Z	1140.1131880799708	406.673949126387	1140.1131880799708	411.673949126387
2024-01-09T07:54:04.802Z	1293.8043237162437	366.38619219514237	1293.8043237162437	371.38619219514237
2024-01-09T07:54:04.951Z	1410.7291776999311	442.081446508898	1410.7291776999311	447.081446508898
2024-01-09T07:54:05.071Z	1529.4828483676424	613.4719334969668	1529.4828483676424	618.4719334969668
2024-01-09T07:54:05.220Z	1474.6660590055862	807.1845836298944	1474.6660590055862	812.1845836298944
2024-01-09T07:54:05.358Z	1340.6327528446077	712.9185822857362	1340.6327528446077	717.9185822857362
2024-01-09T07:54:05.535Z	1173.827604789956	600.7757054406793	1173.827604789956	605.7757054406793
2024-01-09T07:54:05.672Z	1122.465391000338	585.1942850440131	1122.465391000338	590.1942850440131
2024-01-09T07:54:05.823Z	1318.9943891097903	399.5161326314196	1318.9943891097903	404.5161326314196
2024-01-09T07:54:05.938Z	1358.3313825746195	273.3208176276932	1358.3313825746195	278.3208176276932
2024-01-09T07:54:06.089Z	1337.0721810636855	232.78537226034143	1337.0721810636855	237.78537226034143
2024-01-09T07:54:06.189Z	1369.501324811296	80.0619469798454	1369.501324811296	85.0619469798454
2024-01-09T07:54:06.344Z	1329.9060023702866	22.508312941921428	1329.9060023702866	27.508312941921428
2024-01-09T07:54:06.479Z	1354.461086578455	-88.63566708490471	1354.461086578455	-88.63566708490471
2024-01-09T07:54:06.597Z	1298.5713648048672	-85.28255387604877	1298.5713648048672	-85.28255387604877
2024-01-09T07:54:06.733Z	1369.7187977991655	-58.3712700430784	1369.7187977991655	-58.3712700430784
2024-01-09T07:54:06.849Z	1509.1114679716059	27.569219146639725	1509.1114679716059	27.569219146639725
2024-01-09T07:54:06.968Z	1533.6937940294106	165.2216837724837	1533.6937940294106	165.2216837724837
2024-01-09T07:54:07.087Z	1585.5032985920295	261.5364359244784	1585.5032985920295	261.5364359244784
2024-01-09T07:54:07.200Z	1342.5167792028922	343.9782345034147	1342.5167792028922	343.9782345034147
2024-01-09T07:54:07.336Z	1363.5427078921916	367.8053068541724	1363.5427078921916	367.8053068541724
2024-01-09T07:54:07.514Z	1487.9131888780632	231.3299237039789	1487.9131888780632	231.3299237039789
2024-01-09T07:54:07.647Z	1460.5475842738967	294.3641611627848	1460.5475842738967	294.3641611627848
2024-01-09T07:54:07.813Z	1364.9041976875947	272.2440396862842	1364.9041976875947	272.2440396862842
2024-01-09T07:54:07.951Z	1262.1001318170922	254.75297592901111	1262.1001318170922	254.75297592901111
2024-01-09T07:54:08.068Z	1144.3571126616212	266.2279255567842	1144.3571126616212	266.2279255567842
2024-01-09T07:54:08.205Z	1231.9334040609906	293.58282567023184	1231.9334040609906	293.58282567023184
2024-01-09T07:54:08.319Z	1257.1432118649125	450.92324797584115	1257.1432118649125	450.92324797584115
2024-01-09T07:54:08.439Z	1241.6932717623986	515.9411435475357	1241.6932717623986	515.9411435475357
2024-01-09T07:54:08.558Z	1320.685559492416	652.6312073623187	1320.685559492416	652.6312073623187
2024-01-09T07:54:08.669Z	1369.4388687662	919.3666785273189	1369.4388687662	924.3666785273189
2024-01-09T07:54:08.819Z	949.6093418988955	788.8625099608412	949.6093418988955	798.8625099608412
2024-01-09T07:54:08.921Z	741.451625839418	817.6816003411569	741.451625839418	827.6816003411569
2024-01-09T07:54:09.056Z	813.9920694973123	706.699268428328	813.9920694973123	716.699268428328
2024-01-09T07:54:09.222Z	701.8988058095281	718.2044142232648	701.8988058095281	728.2044142232648
2024-01-09T07:54:09.356Z	662.961079617625	508.6937241799673	662.961079617625	518.6937241799674
2024-01-09T07:54:09.510Z	562.8944708865049	330.78565372996553	562.8944708865049	340.78565372996553
2024-01-09T07:54:09.675Z	592.3831887148442	217.5333867776473	592.3831887148442	227.5333867776473
2024-01-09T07:54:09.812Z	649.6268752092487	129.38006117499575	649.6268752092487	139.38006117499575
2024-01-09T07:54:09.965Z	701.0734691138744	114.98916709161293	701.0734691138744	124.98916709161293
2024-01-09T07:54:10.116Z	718.0144885008492	25.23011636614754	718.0144885008492	35.23011636614754
2024-01-09T07:54:10.229Z	796.0009262305432	101.49990462833075	796.0009262305432	106.49990462833075
2024-01-09T07:54:10.383Z	633.576982309988	153.5495363130343	633.576982309988	158.5495363130343
2024-01-09T07:54:10.521Z	472.3820245343968	324.7829171607369	472.3820245343968	329.7829171607369
2024-01-09T07:54:10.693Z	531.5945199987513	410.5229616062496	531.5945199987513	415.5229616062496
2024-01-09T07:54:10.831Z	225.7650459776423	398.390061274481	225.7650459776423	403.390061274481
2024-01-09T07:54:10.985Z	158.34493569963206	330.8316309135573	158.34493569963206	335.8316309135573
2024-01-09T07:54:11.097Z	-8.98779977296195	364.13553191922483	-8.98779977296195	369.13553191922483
2024-01-09T07:54:11.251Z	189.4304105529377	297.80957249077204	189.4304105529377	302.80957249077204
2024-01-09T07:54:11.390Z	35.086924242808934	363.3029890083466	35.086924242808934	368.3029890083466
2024-01-09T07:54:11.566Z	22.076391503137206	143.7594527806209	22.076391503137206	148.7594527806209
2024-01-09T07:54:11.702Z	-107.78029263875928	89.9484081090201	-107.78029263875928	94.9484081090201
2024-01-09T07:54:11.854Z	-39.017945790746325	55.36537810044592	-39.017945790746325	60.36537810044592
2024-01-09T07:54:11.969Z	2.598724778179278	122.17397979544467	2.598724778179278	127.17397979544467
2024-01-09T07:54:12.120Z	58.17266551614175	170.00690430309498	58.17266551614175	175.00690430309498
2024-01-09T07:54:12.258Z	-15.000771286574484	78.12538414783806	-15.000771286574484	83.12538414783806
2024-01-09T07:54:12.436Z	123.28788817928111	110.07545605149856	123.28788817928111	115.07545605149856
2024-01-09T07:54:12.574Z	121.90901049402527	114.33029311284427	121.90901049402527	119.33029311284427
2024-01-09T07:54:12.688Z	165.46196486223445	272.2588601153507	165.46196486223445	277.2588601153507
2024-01-09T07:54:12.828Z	214.0093036913862	338.8267185666785	214.0093036913862	343.8267185666785
2024-01-09T07:54:13.006Z	270.1053475718417	430.3387055360073	270.1053475718417	435.3387055360073
2024-01-09T07:54:13.144Z	315.3475280239644	295.23253091512424	315.3475280239644	300.23253091512424
2024-01-09T07:54:13.257Z	320.9750728600025	251.8935085865979	320.9750728600025	256.89350858659793
2024-01-09T07:54:13.397Z	246.2481415052946	269.15216334841006	246.2481415052946	274.15216334841006
2024-01-09T07:54:13.577Z	426.2006848298512	256.8278082267701	426.2006848298512	261.8278082267701
2024-01-09T07:54:13.711Z	437.55620589574914	401.68325303301424	437.55620589574914	406.68325303301424
2024-01-09T07:54:13.863Z	405.34857917923614	390.7329718459676	405.34857917923614	395.7329718459676
2024-01-09T07:54:13.977Z	317.43664691712644	515.1921209555948	317.43664691712644	520.1921209555948
2024-01-09T07:54:14.127Z	303.89135632498545	627.4607611370271	303.89135632498545	632.4607611370271
2024-01-09T07:54:14.226Z	175.26951262826864	686.5354198655057	175.26951262826864	691.5354198655057
2024-01-09T07:54:14.379Z	160.49599912870013	537.4933818501709	160.49599912870013	542.4933818501709
2024-01-09T07:54:14.515Z	218.09879708775577	561.8216886500435	218.09879708775577	566.8216886500435
2024-01-09T07:54:14.670Z	229.66966204593643	571.5182156795171	229.66966204593643	576.5182156795171
2024-01-09T07:54:14.820Z	162.3904810724486	569.1600189387268	162.3904810724486	574.1600189387268
2024-01-09T07:54:14.986Z	151.75172448650738	632.2710071049686	151.75172448650738	637.2710071049686
2024-01-09T07:54:15.123Z	156.36878285210454	677.3524565473055	156.36878285210454	682.3524565473055
2024-01-09T07:54:15.276Z	316.9699492076603	736.719512444564	316.9699492076603	741.719512444564
2024-01-09T07:54:15.392Z	285.38653521131425	729.125423119866	285.38653521131425	735.125423119866
2024-01-09T07:54:15.542Z	356.0569018153834	664.3431311256084	356.0569018153834	673.3431311256084
2024-01-09T07:54:15.690Z	424.4717733341416	636.1850051222838	424.4717733341416	645.1850051222838
2024-01-09T07:54:15.786Z	442.2884407259113	716.2368332893883	442.2884407259113	725.2368332893883
2024-01-09T07:54:15.917Z	677.6420663859838	496.7411733479753	677.6420663859838	505.7411733479753
2024-01-09T07:54:16.090Z	858.0979343464649	78.85895813001832	858.0979343464649	87.85895813001832
2024-01-09T07:54:16.219Z	752.6928177957054	-48.988659980110015	752.6928177957054	-44.988659980110015
2024-01-09T07:54:16.375Z	589.5860950999844	177.5034559323824	589.5860950999844	177.5034559323824
2024-01-09T07:54:16.541Z	661.7108036572445	372.9298512947885	661.7108036572445	372.9298512947885
2024-01-09T07:54:16.683Z	832.0415603021523	529.8780714286136	832.0415603021523	529.8780714286136
2024-01-09T07:54:16.826Z	749.5055371713329	631.5875419726535	749.5055371713329	631.5875419726535
2024-01-09T07:54:16.920Z	563.0955199098998	676.2539342744868	563.0955199098998	676.2539342744868
2024-01-09T07:54:17.064Z	463.8783550020237	579.9404906665027	463.8783550020237	579.9404906665027
2024-01-09T07:54:17.160Z	672.7357207522776	711.1272264740821	672.7357207522776	711.1272264740821
2024-01-09T07:54:17.303Z	772.6250521292692	573.8834278803839	772.6250521292692	573.8834278803839
2024-01-09T07:54:17.398Z	793.6431172567214	553.220287397881	793.6431172567214	553.220287397881
2024-01-09T07:54:17.540Z	543.3379031747938	351.19034254388043	543.3379031747938	351.19034254388043
2024-01-09T07:54:17.681Z	521.3268265558154	409.31863237160184	521.3268265558154	409.31863237160184
2024-01-09T07:54:17.823Z	743.5390312932761	432.89366901699833	743.5390312932761	432.89366901699833
2024-01-09T07:54:17.965Z	1064.8060602092212	389.2296064535152	1064.8060602092212	389.2296064535152
2024-01-09T07:54:18.060Z	1057.810341529006	315.8066905091711	1057.810341529006	315.8066905091711
2024-01-09T07:54:18.186Z	1025.1899972443396	237.70717522574526	1025.1899972443396	237.70717522574526
2024-01-09T07:54:18.328Z	1014.2205180645927	132.54785320401183	1014.2205180645927	132.54785320401183
2024-01-09T07:54:18.487Z	776.0914340886085	433.432559683954	776.0914340886085	433.432559683954
2024-01-09T07:54:18.630Z	850.0706612763877	571.57219931595	850.0706612763877	571.57219931595
2024-01-09T07:54:18.725Z	846.0569727209922	635.4817414450291	846.0569727209922	635.4817414450291
2024-01-09T07:54:18.855Z	990.7178052816088	556.1230628963542	990.7178052816088	556.1230628963542
2024-01-09T07:54:18.965Z	1028.1063618935525	487.48057962739233	1028.1063618935525	487.48057962739233
2024-01-09T07:54:19.109Z	1100.8253981130952	400.92613330169155	1100.8253981130952	400.92613330169155
2024-01-09T07:54:19.250Z	1231.1833392423673	290.4804886755929	1231.1833392423673	290.4804886755929
2024-01-09T07:54:19.417Z	1225.990711945104	345.05295679432476	1225.990711945104	345.05295679432476
2024-01-09T07:54:19.560Z	1101.8544610177132	641.8999365525341	1101.8544610177132	641.8999365525341
2024-01-09T07:54:19.653Z	1407.2903489157425	559.829208036294	1407.2903489157425	559.829208036294
2024-01-09T07:54:19.782Z	1628.9067610539325	411.00787177364134	1628.9067610539325	411.00787177364134
2024-01-09T07:54:19.894Z	1724.9212380778895	495.09226026999374	1724.9212380778895	495.09226026999374
2024-01-09T07:54:20.037Z	1620.5059794042427	618.6186540617612	1620.5059794042427	618.6186540617612
2024-01-09T07:54:20.196Z	2151.398205132157	782.064506274812	2151.398205132157	782.064506274812
2024-01-09T07:54:20.338Z	2301.050287664281	686.0826915861977	2301.050287664281	691.0826915861977
2024-01-09T07:54:20.434Z	1563.248664623105	522.1840296853087	1563.248664623105	527.1840296853087
2024-01-09T07:54:20.565Z	893.2832568347972	404.88672212965525	893.2832568347972	409.88672212965525
2024-01-09T07:54:20.676Z	377.8601257813946	369.3190554680413	377.8601257813946	374.3190554680413
2024-01-09T07:54:20.787Z	70.89076785307175	247.12857370589737	70.89076785307175	252.12857370589737
2024-01-09T07:54:20.923Z	-92.98595937387049	355.55015876682654	-92.98595937387049	360.55015876682654
2024-01-09T07:54:21.036Z	-158.62366928817926	475.83697525630805	-158.62366928817926	480.83697525630805
2024-01-09T07:54:21.148Z	56.923321359258026	619.9215046425167	56.923321359258026	624.9215046425167
2024-01-09T07:54:21.302Z	136.39488861584059	569.013007648819	136.39488861584059	574.013007648819
2024-01-09T07:54:21.436Z	-27.97448331479685	645.0492929872281	-27.97448331479685	650.0492929872281
2024-01-09T07:54:21.548Z	-219.12882895449854	685.3930457945819	-219.12882895449854	690.3930457945819
2024-01-09T07:54:21.659Z	-401.7195621036383	389.1338733494345	-401.7195621036383	394.1338733494345
2024-01-09T07:54:21.809Z	146.02986522389725	395.2591844836594	146.02986522389725	400.2591844836594
2024-01-09T07:54:21.939Z	355.66785755899195	357.01505311239794	355.66785755899195	362.01505311239794
2024-01-09T07:54:22.056Z	331.13992488308696	229.04392428196968	331.13992488308696	234.04392428196968
2024-01-09T07:54:22.166Z	219.80156068453454	39.35337337791913	219.80156068453454	44.35337337791913
2024-01-09T07:54:22.308Z	322.9701016285204	-104.10882627235856	322.9701016285204	-104.10882627235856
2024-01-09T07:54:22.438Z	452.87234866874144	7.622889177041529	452.87234866874144	7.622889177041529
2024-01-09T07:54:22.581Z	392.8606452915618	274.9772400104355	392.8606452915618	274.9772400104355
2024-01-09T07:54:22.746Z	580.7935304805598	255.29247698025426	580.7935304805598	255.29247698025426
2024-01-09T07:54:22.890Z	929.3164664690336	215.68365088998362	929.3164664690336	215.68365088998362
2024-01-09T07:54:22.984Z	868.0055105024331	241.80659277000422	868.0055105024331	241.80659277000422
2024-01-09T07:54:23.113Z	817.1578519257982	133.77991865953248	817.1578519257982	133.77991865953248
2024-01-09T07:54:23.225Z	712.8207359055733	59.597522277037996	712.8207359055733	59.597522277037996
2024-01-09T07:54:23.367Z	516.0887005107024	175.57147408792494	516.0887005107024	175.57147408792494
2024-01-09T07:54:23.526Z	621.3735269205447	168.61422464562958	621.3735269205447	168.61422464562958
2024-01-09T07:54:23.669Z	855.9103568127549	7.094587384849156	855.9103568127549	7.094587384849156
2024-01-09T07:54:23.761Z	955.5811742486578	-81.61676000018105	955.5811742486578	-81.61676000018105
2024-01-09T07:54:23.901Z	817.2597343610448	5.072557181007014	817.2597343610448	5.072557181007014
2024-01-09T07:54:24.042Z	820.2097269729825	81.24288293470582	820.2097269729825	81.24288293470582
2024-01-09T07:54:24.185Z	555.5061107754805	185.09980350761953	555.5061107754805	185.09980350761953
2024-01-09T07:54:24.312Z	569.7083536099981	153.4818142912394	569.7083536099981	153.4818142912394
2024-01-09T07:54:24.424Z	670.5309422367653	175.7080578961095	670.5309422367653	175.7080578961095
2024-01-09T07:54:24.567Z	810.6930340360436	242.2535060442057	810.6930340360436	242.2535060442057
2024-01-09T07:54:24.726Z	916.1342545678995	341.3345624382599	916.1342545678995	341.3345624382599
2024-01-09T07:54:24.870Z	639.8241791686723	273.62159177458557	639.8241791686723	273.62159177458557
2024-01-09T07:54:24.961Z	371.0976477702055	155.7441172064767	371.0976477702055	155.7441172064767
2024-01-09T07:54:25.104Z	594.57373252418	-65.30111754806968	594.57373252418	-65.30111754806968
2024-01-09T07:54:25.198Z	700.7392277533892	-44.91887892765533	700.7392277533892	-44.91887892765533
2024-01-09T07:54:25.324Z	895.2644201751469	-188.63256330421214	895.2644201751469	-188.63256330421214
2024-01-09T07:54:25.480Z	808.896634550313	-273.38042196253343	808.896634550313	-273.38042196253343
2024-01-09T07:54:25.622Z	713.3368151516248	-84.74179654267174	713.3368151516248	-84.74179654267174
2024-01-09T07:54:25.764Z	844.321367490778	-23.13508480621097	844.321367490778	-23.13508480621097
2024-01-09T07:54:25.892Z	711.465262005889	2.374886965321622	711.465262005889	2.374886965321622
2024-01-09T07:54:26.034Z	660.5088124045106	-85.82733021281965	660.5088124045106	-85.82733021281965
2024-01-09T07:54:26.196Z	650.0348803884108	-213.9974403141649	650.0348803884108	-213.9974403141649
2024-01-09T07:54:26.336Z	671.2613385996464	-249.9777758682452	671.2613385996464	-249.9777758682452
2024-01-09T07:54:26.465Z	633.9712417303798	-244.18661325941727	633.9712417303798	-244.18661325941727
2024-01-09T07:54:26.624Z	283.6363314317259	365.7684470705468	283.6363314317259	365.7684470705468
2024-01-09T07:54:26.755Z	273.6588095061175	595.3872586962106	273.6588095061175	595.3872586962106
2024-01-09T07:54:26.918Z	356.713492545683	716.7481204906569	356.713492545683	716.7481204906569
2024-01-09T07:54:27.050Z	406.0827288138047	759.4634689063523	406.0827288138047	759.4634689063523
2024-01-09T07:54:27.207Z	421.67649098085525	633.5868994226764	421.67649098085525	633.5868994226764
2024-01-09T07:54:27.363Z	330.12355172658846	623.3706685323742	330.12355172658846	623.3706685323742
2024-01-09T07:54:27.476Z	371.05700138053174	728.9753174478838	371.05700138053174	728.9753174478838
2024-01-09T07:54:27.628Z	265.55119518216907	537.1789356513556	265.55119518216907	537.1789356513556
2024-01-09T07:54:27.727Z	266.29089036001693	566.0280239811526	266.29089036001693	566.0280239811526
2024-01-09T07:54:27.866Z	226.56269618365155	569.5555676104279	226.56269618365155	569.5555676104279
2024-01-09T07:54:28.034Z	135.94724809216302	594.4076353643536	135.94724809216302	594.4076353643536
2024-01-09T07:54:28.182Z	357.46140270161857	634.1186131615881	357.46140270161857	634.1186131615881
2024-01-09T07:54:28.316Z	395.4298152915635	727.5511200025693	395.4298152915635	727.5511200025693
2024-01-09T07:54:28.479Z	227.72421681047143	742.4921408952098	227.72421681047143	742.4921408952098
2024-01-09T07:54:28.624Z	245.0541887197258	677.3628111145067	245.0541887197258	677.3628111145067
2024-01-09T07:54:28.770Z	122.93937134734975	719.7451135288874	122.93937134734975	719.7451135288874
2024-01-09T07:54:28.914Z	194.91202342224238	525.2048018219053	194.91202342224238	525.2048018219053
2024-01-09T07:54:29.009Z	177.67817071972414	432.5154735017031	177.67817071972414	432.5154735017031
2024-01-09T07:54:29.155Z	218.51539582961635	377.59463551795346	218.51539582961635	377.59463551795346
2024-01-09T07:54:29.249Z	452.86413655120487	225.4614412656851	452.86413655120487	225.4614412656851
2024-01-09T07:54:29.391Z	669.5738638371184	150.07608524517102	669.5738638371184	150.07608524517102
2024-01-09T07:54:29.486Z	778.5831473612188	116.90953391788757	778.5831473612188	116.90953391788757
2024-01-09T07:54:29.628Z	934.1527497556373	13.220363816295723	934.1527497556373	13.220363816295723
2024-01-09T07:54:29.772Z	529.9744497149338	-153.37482365329635	529.9744497149338	-153.37482365329635
2024-01-09T07:54:29.914Z	406.7361144632724	-223.12972536093204	406.7361144632724	-223.12972536093204
2024-01-09T07:54:30.056Z	373.28979494427045	-178.014448632076	373.28979494427045	-178.014448632076
2024-01-09T07:54:30.185Z	471.8728051668253	-43.20361215877068	471.8728051668253	-43.20361215877068
2024-01-09T07:54:30.325Z	505.95266840727294	59.77970149138203	505.95266840727294	59.77970149138203
2024-01-09T07:54:30.487Z	560.2557475562759	93.95194223151987	560.2557475562759	93.95194223151987
2024-01-09T07:54:30.628Z	723.2756229412496	196.85833679631097	723.2756229412496	196.85833679631097
2024-01-09T07:54:30.727Z	793.8832923890739	166.34278354173995	793.8832923890739	166.34278354173995
2024-01-09T07:54:30.856Z	723.2928771440864	257.5750626967625	723.2928771440864	257.5750626967625
2024-01-09T07:54:31.026Z	463.5986361281374	546.8593603219325	463.5986361281374	546.8593603219325
2024-01-09T07:54:31.171Z	401.84272120178747	638.7300194489043	401.84272120178747	638.7300194489043
2024-01-09T07:54:31.316Z	419.24005708996924	630.8415742633266	419.24005708996924	630.8415742633266
2024-01-09T07:54:31.412Z	460.9913986988986	675.7126672971167	460.9913986988986	675.7126672971167
2024-01-09T07:54:31.548Z	565.7048392854769	624.357253945315	565.7048392854769	624.357253945315
2024-01-09T07:54:31.708Z	454.35615205466877	546.9982296992907	454.35615205466877	546.9982296992907
2024-01-09T07:54:31.874Z	340.60858163202374	783.4449568896644	340.60858163202374	783.4449568896644
2024-01-09T07:54:32.011Z	395.47968267113106	780.4195873193086	395.47968267113106	780.4195873193086
2024-01-09T07:54:32.160Z	619.2883735300608	813.1288862423474	619.2883735300608	818.1288862423474
2024-01-09T07:54:32.325Z	461.5848183734868	587.9245262665088	461.5848183734868	592.9245262665088
2024-01-09T07:54:32.459Z	437.76046124367923	770.0328763228625	437.76046124367923	775.0328763228625
2024-01-09T07:54:32.621Z	268.6951202144656	804.8901301181553	268.6951202144656	809.8901301181553
2024-01-09T07:54:32.751Z	265.075310255065	644.7280376805036	265.075310255065	649.7280376805036
2024-01-09T07:54:32.920Z	316.3647847072893	697.6333270404942	316.3647847072893	702.6333270404942
2024-01-09T07:54:33.050Z	383.5619099285676	774.422424965505	383.5619099285676	779.422424965505
2024-01-09T07:54:33.205Z	615.1772694075339	863.0707865501216	615.1772694075339	878.0707865501216
2024-01-09T07:54:33.352Z	941.0368617908592	808.8175696143055	941.0368617908592	833.8175696143055
2024-01-09T07:54:33.518Z	724.233926145582	807.3343318327287	724.233926145582	832.3343318327287
2024-01-09T07:54:33.647Z	623.6549940692918	817.2187769362561	623.6549940692918	847.2187769362561
2024-01-09T07:54:33.820Z	438.4112603693475	690.8214483953622	438.4112603693475	720.8214483953622
2024-01-09T07:54:33.950Z	500.65612147945933	705.6352833159856	500.65612147945933	735.6352833159856
2024-01-09T07:54:34.119Z	576.4722352122582	656.9999446398289	576.4722352122582	686.9999446398289
2024-01-09T07:54:34.248Z	553.9119277449352	481.9400051470691	553.9119277449352	511.9400051470691
2024-01-09T07:54:34.419Z	757.379229804968	330.24509999802046	757.379229804968	360.24509999802046
2024-01-09T07:54:34.548Z	1158.4992070583417	387.0679191649165	1158.4992070583417	417.0679191649165
2024-01-09T07:54:34.718Z	1333.346033419727	156.4906880564969	1333.346033419727	186.4906880564969
2024-01-09T07:54:34.847Z	1502.9646594891483	238.78077996035518	1502.9646594891483	268.7807799603552
2024-01-09T07:54:35.018Z	1811.5504812974157	457.15355348964863	1811.5504812974157	487.15355348964863
2024-01-09T07:54:35.146Z	1691.7658447500141	291.64031052077956	1691.7658447500141	321.64031052077956
2024-01-09T07:54:35.317Z	1561.3304088813607	64.74801081216742	1561.3304088813607	94.74801081216742
2024-01-09T07:54:35.445Z	1302.7165499274054	97.92896085467252	1302.7165499274054	127.92896085467252
2024-01-09T07:54:35.554Z	1022.6667429102355	192.69223275227938	1022.6667429102355	222.69223275227938
2024-01-09T07:54:35.697Z	811.8337031924212	283.35268535689346	811.8337031924212	313.35268535689346
2024-01-09T07:54:35.855Z	975.1049677067306	287.67136441531744	975.1049677067306	317.67136441531744
2024-01-09T07:54:35.983Z	1247.488892252191	449.73166314243343	1247.488892252191	479.73166314243343
2024-01-09T07:54:36.093Z	1260.6526698982852	422.84628556430124	1260.6526698982852	452.84628556430124
2024-01-09T07:54:36.235Z	1243.8937513988355	195.23275130322418	1243.8937513988355	225.23275130322418
2024-01-09T07:54:36.397Z	1247.8411164611634	119.02767456183304	1247.8411164611634	149.02767456183304
2024-01-09T07:54:36.525Z	1394.2126825353716	19.47524906036135	1394.2126825353716	49.47524906036135
2024-01-09T07:54:36.635Z	1401.3572299879008	-58.673513576871756	1401.3572299879008	-33.673513576871756
2024-01-09T07:54:36.777Z	1461.2318962781242	65.6049078522563	1461.2318962781242	80.6049078522563
2024-01-09T07:54:36.938Z	763.4170541565757	437.74330967997685	763.4170541565757	452.74330967997685
2024-01-09T07:54:37.082Z	873.7436074626964	478.6645783834493	873.7436074626964	493.6645783834493
2024-01-09T07:54:37.209Z	716.4246735349498	510.46650939441815	716.4246735349498	525.4665093944182
2024-01-09T07:54:37.325Z	562.1637770734724	204.08129831927636	562.1637770734724	219.08129831927636
2024-01-09T07:54:37.469Z	626.533778708842	111.97183214351102	626.533778708842	126.97183214351102
2024-01-09T07:54:37.625Z	347.66379790185357	100.13960081777807	347.66379790185357	115.13960081777807
2024-01-09T07:54:37.754Z	610.5049114390936	351.20986992689654	610.5049114390936	366.20986992689654
2024-01-09T07:54:37.864Z	693.600191227472	563.2570669104407	693.600191227472	578.2570669104407
2024-01-09T07:54:38.008Z	737.4851692097797	435.9830757239042	737.4851692097797	450.9830757239042
2024-01-09T07:54:38.169Z	522.2054642449966	439.2546743228791	522.2054642449966	454.2546743228791
2024-01-09T07:54:38.298Z	215.5503014295428	284.37948294457465	215.5503014295428	299.37948294457465
2024-01-09T07:54:38.467Z	51.09357192599283	233.8107757768682	51.09357192599283	248.8107757768682
2024-01-09T07:54:38.598Z	299.35714088578675	330.3355252828868	299.35714088578675	345.3355252828868
2024-01-09T07:54:38.769Z	790.8175611264589	476.1379321869662	790.8175611264589	491.1379321869662
2024-01-09T07:54:38.898Z	845.3762042500667	502.0686282900979	845.3762042500667	517.0686282900979
2024-01-09T07:54:39.068Z	608.0776936948297	511.9145745145597	608.0776936948297	526.9145745145597
2024-01-09T07:54:39.195Z	655.376028479793	528.6951046955904	655.376028479793	543.6951046955904
2024-01-09T07:54:39.304Z	711.6716897759746	520.2541450208153	711.6716897759746	535.2541450208153
2024-01-09T07:54:39.447Z	762.8125767162929	527.0148042301751	762.8125767162929	542.0148042301751
2024-01-09T07:54:39.606Z	894.6575271498948	404.55692674859415	894.6575271498948	419.55692674859415
2024-01-09T07:54:39.735Z	1125.5759108506738	326.62522266161375	1125.5759108506738	341.62522266161375
2024-01-09T07:54:39.843Z	1134.193889641247	420.03550251700483	1134.193889641247	435.03550251700483
2024-01-09T07:54:39.985Z	910.2129363695693	417.96386330073767	910.2129363695693	432.96386330073767
2024-01-09T07:54:40.145Z	314.2001500154372	221.4128183793764	314.2001500154372	236.4128183793764
2024-01-09T07:54:40.274Z	463.7985016599795	271.316531505139	463.7985016599795	286.316531505139
2024-01-09T07:54:40.384Z	698.3447367812752	322.2638678477577	698.3447367812752	337.2638678477577
2024-01-09T07:54:40.525Z	1223.7636744219267	304.0971724091788	1223.7636744219267	319.0971724091788
2024-01-09T07:54:40.686Z	1678.1672714279416	409.7122287342876	1678.1672714279416	424.7122287342876
2024-01-09T07:54:40.814Z	1626.913796169677	293.87799220068086	1626.913796169677	308.87799220068086
2024-01-09T07:54:40.924Z	1802.292211806098	216.39831859101173	1802.292211806098	231.39831859101173
2024-01-09T07:54:41.068Z	1828.4410500505594	30.970086371534883	1828.4410500505594	45.97008637153488
2024-01-09T07:54:41.225Z	1594.2705286422436	-81.34240406789698	1594.2705286422436	-71.34240406789698
2024-01-09T07:54:41.353Z	1719.6855834306152	-91.7840476924258	1719.6855834306152	-86.7840476924258
2024-01-09T07:54:41.464Z	1913.2487652492755	-61.77416997411095	1913.2487652492755	-61.77416997411095
2024-01-09T07:54:41.623Z	1278.2112740821642	301.4934561016038	1278.2112740821642	301.4934561016038
2024-01-09T07:54:41.766Z	724.1286432512511	389.08672151625603	724.1286432512511	389.08672151625603
2024-01-09T07:54:41.908Z	399.7495325876547	390.5990947874521	399.7495325876547	390.5990947874521
2024-01-09T07:54:42.003Z	295.34600987738935	245.7789669429396	295.34600987738935	245.7789669429396
2024-01-09T07:54:42.132Z	460.9040830958445	113.8487459146859	460.9040830958445	113.8487459146859
2024-01-09T07:54:42.244Z	820.5885167795182	165.03588271469192	820.5885167795182	165.03588271469192
2024-01-09T07:54:42.387Z	1076.7674269880144	435.91056981442057	1076.7674269880144	435.91056981442057
2024-01-09T07:54:42.548Z	1597.7338899201516	557.1024667265887	1597.7338899201516	557.1024667265887
2024-01-09T07:54:42.690Z	1102.9034292823033	708.8148597303486	1102.9034292823033	708.8148597303486
2024-01-09T07:54:42.783Z	900.6209260466532	628.9650756976295	900.6209260466532	628.9650756976295
2024-01-09T07:54:42.912Z	1014.8486601193545	581.8661496446946	1014.8486601193545	581.8661496446946
2024-01-09T07:54:43.024Z	1162.861288793513	668.0303303253622	1162.861288793513	668.0303303253622
2024-01-09T07:54:43.168Z	1118.395030459349	518.3991860614318	1118.395030459349	518.3991860614318
2024-01-09T07:54:43.326Z	1152.7465520918638	433.34378712996755	1152.7465520918638	433.34378712996755
2024-01-09T07:54:43.468Z	1048.6334631092477	556.503929418077	1048.6334631092477	556.503929418077
2024-01-09T07:54:43.562Z	915.8708652725061	570.8084121639022	915.8708652725061	570.8084121639022
2024-01-09T07:54:43.691Z	911.5833272472878	688.8309911755173	911.5833272472878	688.8309911755173
2024-01-09T07:54:43.804Z	1194.0639189060307	731.6603627052252	1194.0639189060307	731.6603627052252
2024-01-09T07:54:43.947Z	1422.7706509266586	843.0105156519886	1422.7706509266586	843.0105156519886
2024-01-09T07:54:44.093Z	1678.0704708902458	712.240084456528	1678.0704708902458	717.240084456528
2024-01-09T07:54:44.258Z	1562.576673619965	644.5047074869321	1562.576673619965	649.5047074869321
2024-01-09T07:54:44.386Z	1733.2263742081514	600.8904709716396	1733.2263742081514	605.8904709716396
2024-01-09T07:54:44.557Z	1610.9587773838734	791.6068603366197	1610.9587773838734	796.6068603366197
2024-01-09T07:54:44.685Z	1712.8610556790857	648.3254005727431	1712.8610556790857	653.3254005727431
2024-01-09T07:54:44.793Z	1548.1898097116016	527.9313662920449	1548.1898097116016	532.9313662920449
2024-01-09T07:54:44.936Z	1859.8523419361102	231.79440782948373	1859.8523419361102	236.79440782948373
2024-01-09T07:54:45.095Z	1891.5706278698483	328.8186339028237	1891.5706278698483	333.8186339028237
2024-01-09T07:54:45.223Z	1974.4756587924194	483.34399039916434	1974.4756587924194	488.34399039916434
2024-01-09T07:54:45.332Z	1544.2339101734349	579.2583794078004	1544.2339101734349	584.2583794078004
2024-01-09T07:54:45.474Z	881.1470047113164	461.01699930202324	881.1470047113164	466.01699930202324
2024-01-09T07:54:45.635Z	885.9779104733628	448.12959098056785	885.9779104733628	453.12959098056785
2024-01-09T07:54:45.763Z	1421.736413145838	525.7029058798488	1421.736413145838	530.7029058798488
2024-01-09T07:54:45.874Z	1796.7723554680783	660.489009861255	1796.7723554680783	665.489009861255
2024-01-09T07:54:46.015Z	1903.0126277953786	630.4321339159392	1903.0126277953786	635.4321339159392
2024-01-09T07:54:46.174Z	1373.8723277307026	398.2003989892575	1373.8723277307026	403.2003989892575
2024-01-09T07:54:46.303Z	1207.6286972051923	412.9808462032795	1207.6286972051923	417.9808462032795
2024-01-09T07:54:46.414Z	1234.731203985995	374.4437934435855	1234.731203985995	379.4437934435855
2024-01-09T07:54:46.555Z	1524.8659383217719	215.53170817857503	1524.8659383217719	220.53170817857503
2024-01-09T07:54:46.716Z	1614.7201331523509	-63.04808071069312	1614.7201331523509	-58.04808071069312
2024-01-09T07:54:46.859Z	1537.3780306087565	-56.49726500222849	1537.3780306087565	-56.49726500222849
2024-01-09T07:54:46.954Z	1274.909023206177	130.34360419756823	1274.909023206177	130.34360419756823
2024-01-09T07:54:47.095Z	1028.964801198291	288.7781056018682	1028.964801198291	288.7781056018682
2024-01-09T07:54:47.189Z	1249.8385247961933	347.7283244618349	1249.8385247961933	347.7283244618349
2024-01-09T07:54:47.332Z	1304.105598432777	525.0148817354223	1304.105598432777	525.0148817354223
2024-01-09T07:54:47.427Z	1097.3613362637932	524.7689224257575	1097.3613362637932	524.7689224257575
2024-01-09T07:54:47.568Z	769.033425156651	336.2976891324977	769.033425156651	336.2976891324977
2024-01-09T07:54:47.710Z	664.4920427053398	255.81381760635315	664.4920427053398	255.81381760635315
2024-01-09T07:54:47.852Z	790.3233618690858	635.1709332348066	790.3233618690858	635.1709332348066
2024-01-09T07:54:47.996Z	939.916585379512	785.250270828646	939.916585379512	785.250270828646
2024-01-09T07:54:48.094Z	1049.2908432474749	685.1272899304463	1049.2908432474749	685.1272899304463
2024-01-09T07:54:48.236Z	1087.4347536310547	605.6036441499929	1087.4347536310547	605.6036441499929
2024-01-09T07:54:48.331Z	1023.6053215471325	389.8528108862128	1023.6053215471325	389.8528108862128
2024-01-09T07:54:48.472Z	933.6696093658499	483.9000781539916	933.6696093658499	483.9000781539916
2024-01-09T07:54:48.567Z	1177.0669888175366	443.85635915041763	1177.0669888175366	443.85635915041763
2024-01-09T07:54:48.711Z	1232.3697092392397	484.75814939472525	1232.3697092392397	484.75814939472525