time	position_x	position_y	scroll_x	scroll_y
2024-01-03T10:17:48.243Z	499.48287301276764	500.48283048237965	499.48287301276764	815.4828304823797
2024-01-03T10:17:48.363Z	493.1003826458427	497.55623558521205	493.1003826458427	812.5562355852121
2024-01-03T10:17:48.484Z	488.761197347504	511.18375427488337	488.761197347504	826.1837542748833
2024-01-03T10:17:48.605Z	457.1760789201687	499.4613682167356	457.1760789201687	814.4613682167355
2024-01-03T10:17:48.724Z	412.76086354098913	490.45960763547527	412.76086354098913	805.4596076354753
2024-01-03T10:17:48.844Z	443.27546155139	518.7346098781712	443.27546155139	833.7346098781712
2024-01-03T10:17:48.963Z	461.4494007585067	646.6745648142854	461.4494007585067	961.6745648142854
2024-01-03T10:17:49.084Z	534.4873565142419	693.779112836367	534.4873565142419	1008.779112836367
2024-01-03T10:17:49.204Z	572.8620289943408	833.5789228422267	572.8620289943408	1148.5789228422268
2024-01-03T10:17:49.324Z	664.688442548106	877.1838982905753	664.688442548106	1192.1838982905751
2024-01-03T10:17:49.444Z	687.3105937860478	997.4903015744161	687.3105937860478	1312.4903015744162
2024-01-03T10:17:49.564Z	754.0164345792858	1077.6456094626903	754.0164345792858	1397.6456094626903
2024-01-03T10:17:49.684Z	777.5386466127907	1110.5428347552336	777.5386466127907	1430.5428347552336
2024-01-03T10:17:49.803Z	801.6125539368757	1256.9448406360918	801.6125539368757	1576.9448406360918
2024-01-03T10:17:49.924Z	835.2747094788958	1178.111401726141	835.2747094788958	1498.111401726141
2024-01-03T10:17:50.043Z	813.2401114460956	1218.627805486353	813.2401114460956	1538.627805486353
2024-01-03T10:17:50.164Z	776.2998220929383	1169.8959949108462	776.2998220929383	1489.8959949108462
2024-01-03T10:17:50.284Z	742.6653670689753	1226.313578513011	742.6653670689753	1546.313578513011
2024-01-03T10:17:50.404Z	704.5266866046404	1236.043985401469	704.5266866046404	1556.043985401469
2024-01-03T10:17:50.524Z	680.4219067700902	1237.2832461306953	680.4219067700902	1557.2832461306953
2024-01-03T10:17:50.643Z	735.5932636455188	1154.7737500667638	735.5932636455188	1474.7737500667638
2024-01-03T10:17:50.764Z	560.907256727643	1001.9582952602038	560.907256727643	1321.9582952602038
2024-01-03T10:17:50.884Z	620.2521125774326	927.070689740322	620.2521125774326	1247.070689740322
2024-01-03T10:17:51.004Z	611.2792670230288	968.2537412152643	611.2792670230288	1288.2537412152642
2024-01-03T10:17:51.124Z	666.9703411093683	902.557714148361	666.9703411093683	1222.557714148361
2024-01-03T10:17:51.243Z	665.8447029992009	1003.4713953300628	665.8447029992009	1323.471395330063
2024-01-03T10:17:51.364Z	714.5899007704165	936.4307200776509	714.5899007704165	1256.430720077651
2024-01-03T10:17:51.484Z	707.68525450964	996.6973861238159	707.68525450964	1316.697386123816
2024-01-03T10:17:51.604Z	749.4185681651411	932.4236296770456	749.4185681651411	1252.4236296770455
2024-01-03T10:17:51.724Z	574.7272825246173	821.1836094088105	574.7272825246173	1141.1836094088105
2024-01-03T10:17:52.820Z	535.987699672428	503.06005832009754	535.987699672428	823.0600583200976
2024-01-03T10:17:54.401Z	384.09670417404277	268.5404369446994	384.09670417404277	588.5404369446994
2024-01-03T10:17:54.540Z	76.30935371986732	-82.77140343301903	76.30935371986732	237.22859656698097
2024-01-03T10:17:54.649Z	61.42524305646415	-103.48911633859217	61.42524305646415	211.51088366140783
2024-01-03T10:17:54.762Z	105.88017969194253	-108.22379234059078	105.88017969194253	196.77620765940924
2024-01-03T10:17:54.888Z	186.91606522745627	198.2237247126118	186.91606522745627	498.2237247126118
2024-01-03T10:17:54.998Z	412.23516920067055	419.05025375503476	412.23516920067055	719.0502537550348
2024-01-03T10:17:55.122Z	561.9233032084571	543.2409598555943	561.9233032084571	843.2409598555943
2024-01-03T10:17:55.244Z	576.5378535876093	614.3595566143847	576.5378535876093	914.3595566143847
2024-01-03T10:17:55.380Z	944.904633233819	859.581617682546	944.904633233819	1159.581617682546
2024-01-03T10:17:55.493Z	815.2039024127839	615.1234650007934	815.2039024127839	920.1234650007934
2024-01-03T10:17:55.609Z	477.65148591965647	433.3918178055036	477.65148591965647	738.3918178055036
2024-01-03T10:17:55.722Z	253.26297694269076	497.8806263598743	253.26297694269076	802.8806263598743
2024-01-03T10:17:55.846Z	97.82291162559996	220.88237798519606	97.82291162559996	486.88237798519606
2024-01-03T10:17:55.972Z	100.22228183138787	104.5769525272176	100.22228183138787	70.5769525272176
2024-01-03T10:17:56.085Z	-111.0879855688641	-92.52693616196167	-111.0879855688641	-125.52693616196167
2024-01-03T10:17:56.208Z	-21.877746891912523	-101.89430776503622	-21.877746891912523	-101.89430776503622
2024-01-03T10:17:56.318Z	58.36260361643876	-32.006108491963346	58.36260361643876	-32.006108491963346
2024-01-03T10:17:56.442Z	235.44029644325857	86.1380656703746	235.44029644325857	86.1380656703746
2024-01-03T10:17:56.565Z	448.5444104130558	324.7813648546272	448.5444104130558	324.7813648546272
2024-01-03T10:17:56.688Z	618.2903453785809	457.44929724246435	618.2903453785809	457.44929724246435
2024-01-03T10:17:56.801Z	721.6919684944733	370.4621328330492	721.6919684944733	370.4621328330492
2024-01-03T10:17:56.927Z	439.88139230943085	203.4273749088989	439.88139230943085	203.4273749088989
2024-01-03T10:17:57.040Z	292.1088062028715	137.93760256930614	292.1088062028715	137.93760256930614
2024-01-03T10:17:57.178Z	337.9378076293784	63.545789892323164	337.9378076293784	63.545789892323164
2024-01-03T10:17:57.296Z	265.24177377822053	58.61228063886283	265.24177377822053	58.61228063886283
2024-01-03T10:17:57.452Z	38.538530621387174	-7.372885819139043	38.538530621387174	-7.372885819139043
2024-01-03T10:17:57.580Z	107.93322711359718	-182.88464643269435	107.93322711359718	-182.88464643269435
2024-01-03T10:17:57.711Z	-16.300555833323063	-192.58084628534047	-16.300555833323063	-192.58084628534047
2024-01-03T10:17:57.839Z	-50.388924582891065	-5.244893580580644	-50.388924582891065	-5.244893580580644
2024-01-03T10:17:57.965Z	-199.43183106906105	-96.12317129747166	-199.43183106906105	-96.12317129747166
2024-01-03T10:17:58.092Z	43.27509924903707	107.64970030717791	43.27509924903707	107.64970030717791
2024-01-03T10:17:58.214Z	194.30674417302356	287.5975683720773	194.30674417302356	287.5975683720773
2024-01-03T10:17:58.336Z	74.0691429450442	62.60292755813741	74.0691429450442	62.60292755813741
2024-01-03T10:17:58.460Z	-53.02380937150484	184.7369583470493	-53.02380937150484	184.7369583470493
2024-01-03T10:17:58.581Z	695.4068186782558	609.6722446137929	695.4068186782558	609.6722446137929
2024-01-03T10:17:58.701Z	819.6063038243765	623.5140658885863	819.6063038243765	623.5140658885863
2024-01-03T10:17:58.830Z	627.9104296871832	329.3097116686001	627.9104296871832	329.3097116686001
2024-01-03T10:17:58.958Z	531.5990093458947	94.73599584882183	531.5990093458947	94.73599584882183
2024-01-03T10:17:59.086Z	557.3634907786833	-2.293303133906578	557.3634907786833	-2.293303133906578
2024-01-03T10:17:59.203Z	718.71318714106	51.64620495700203	718.71318714106	51.64620495700203
2024-01-03T10:17:59.332Z	792.5173860646729	77.89480988013057	792.5173860646729	77.89480988013057
2024-01-03T10:17:59.447Z	770.3797127813448	-69.05894235251486	770.3797127813448	-69.05894235251486
2024-01-03T10:17:59.562Z	815.0195488127998	-113.89757631278336	815.0195488127998	-113.89757631278336
2024-01-03T10:17:59.705Z	849.20519450668	-14.213775583607969	849.20519450668	-14.213775583607969
2024-01-03T10:17:59.831Z	866.6498401898222	107.75694706475667	866.6498401898222	107.75694706475667
2024-01-03T10:17:59.944Z	1020.076777430589	121.08893532705422	1020.076777430589	121.08893532705422
2024-01-03T10:18:00.087Z	952.5932511464982	94.12553604455363	952.5932511464982	94.12553604455363
2024-01-03T10:18:00.210Z	928.5664872049763	7.997214098517645	928.5664872049763	7.997214098517645
2024-01-03T10:18:00.330Z	950.9712983950776	237.5823415555519	950.9712983950776	237.5823415555519
2024-01-03T10:18:00.438Z	804.0124613366861	316.59387826421175	804.0124613366861	316.59387826421175
2024-01-03T10:18:00.553Z	571.0416350325866	170.64084371035472	571.0416350325866	170.64084371035472
2024-01-03T10:18:00.671Z	554.6956517569583	89.9918384199756	554.6956517569583	89.9918384199756
2024-01-03T10:18:00.794Z	868.1788916202543	744.3904627403474	868.1788916202543	744.3904627403474
2024-01-03T10:18:00.918Z	714.4029128950747	784.875247510226	714.4029128950747	784.875247510226
2024-01-03T10:18:01.042Z	645.773392545325	852.295364616206	645.773392545325	852.295364616206
2024-01-03T10:18:01.176Z	618.2217219644033	543.0478813817565	618.2217219644033	543.0478813817565
2024-01-03T10:18:01.266Z	488.52913562260585	368.54077282922714	488.52913562260585	368.54077282922714
2024-01-03T10:18:01.391Z	546.8025188427183	362.6294126895903	546.8025188427183	362.6294126895903
2024-01-03T10:18:01.507Z	347.27220186686975	424.8229247113969	347.27220186686975	424.8229247113969
2024-01-03T10:18:01.636Z	486.8674717591208	216.3052782618843	486.8674717591208	216.3052782618843
2024-01-03T10:18:01.760Z	497.2338947550551	269.33895189285244	497.2338947550551	269.33895189285244
2024-01-03T10:18:01.877Z	431.01832422502366	242.54196885646672	431.01832422502366	242.54196885646672
2024-01-03T10:18:01.992Z	173.12534738410508	241.3483670136772	173.12534738410508	241.3483670136772
2024-01-03T10:18:02.122Z	96.37027961579847	386.95256064764806	96.37027961579847	386.95256064764806
2024-01-03T10:18:02.224Z	10.8799774599145	341.59452395983806	10.8799774599145	341.59452395983806
2024-01-03T10:18:02.358Z	37.646265217273196	233.4366899352202	37.646265217273196	233.4366899352202
2024-01-03T10:18:02.477Z	52.12975565260887	325.4837831530629	52.12975565260887	325.4837831530629
2024-01-03T10:18:02.596Z	60.600850168011604	294.3219979140366	60.600850168011604	294.3219979140366
2024-01-03T10:18:02.739Z	84.96710043554447	407.44168667436367	84.96710043554447	407.44168667436367
2024-01-03T10:18:02.858Z	42.423012752314705	463.70146368020306	42.423012752314705	463.70146368020306
2024-01-03T10:18:03.003Z	120.12550374982725	630.3150161503833	120.12550374982725	630.3150161503833
2024-01-03T10:18:03.118Z	134.02822585446933	541.4209287367876	134.02822585446933	541.4209287367876
2024-01-03T10:18:03.271Z	238.70071902973015	627.6288398804182	238.70071902973015	627.6288398804182
2024-01-03T10:18:03.388Z	284.0422032754728	601.1347640452392	284.0422032754728	601.1347640452392
2024-01-03T10:18:03.529Z	266.61286960543083	585.4330006148379	266.61286960543083	585.4330006148379
2024-01-03T10:18:03.633Z	319.19917455338145	698.2517051691725	319.19917455338145	698.2517051691725
2024-01-03T10:18:03.770Z	162.64346816543116	516.0808665582923	162.64346816543116	516.0808665582923
2024-01-03T10:18:03.887Z	21.685073213569638	464.8291781763903	21.685073213569638	464.8291781763903
2024-01-03T10:18:04.005Z	232.61535944711923	405.4189548516322	232.61535944711923	405.4189548516322
2024-01-03T10:18:04.133Z	310.53899540613077	487.471620541954	310.53899540613077	487.471620541954
2024-01-03T10:18:04.291Z	192.41103527528534	659.9254108838729	192.41103527528534	659.9254108838729
2024-01-03T10:18:04.409Z	197.58997469183524	726.2332515050292	197.58997469183524	726.2332515050292
2024-01-03T10:18:04.562Z	468.7140275021496	606.090944824353	468.7140275021496	606.090944824353
2024-01-03T10:18:04.678Z	554.5547282493873	622.0385309188116	554.5547282493873	622.0385309188116
2024-01-03T10:18:04.821Z	783.03285863855	729.5426247273059	783.03285863855	729.5426247273059
2024-01-03T10:18:04.923Z	835.268220202295	742.0763055219674	835.268220202295	742.0763055219674
2024-01-03T10:18:05.071Z	525.9019056957308	711.0445832960452	525.9019056957308	711.0445832960452
2024-01-03T10:18:05.193Z	764.9106555923695	631.8168614957116	764.9106555923695	631.8168614957116
2024-01-03T10:18:05.330Z	959.5053299739873	717.1336127007064	959.5053299739873	717.1336127007064
2024-01-03T10:18:05.433Z	898.7984554961319	473.2947270531505	898.7984554961319	473.2947270531505
2024-01-03T10:18:05.582Z	988.3573823187025	395.5223278774798	988.3573823187025	395.5223278774798
2024-01-03T10:18:05.702Z	985.5801946088646	512.1445091346898	985.5801946088646	512.1445091346898
2024-01-03T10:18:05.839Z	732.7640424686774	525.4324045689166	732.7640424686774	525.4324045689166
2024-01-03T10:18:05.956Z	678.4956275594351	515.7034675290043	678.4956275594351	515.7034675290043
2024-01-03T10:18:06.080Z	727.0567576715484	559.7967521649956	727.0567576715484	559.7967521649956
2024-01-03T10:18:06.189Z	393.5275073437144	226.27316899492797	393.5275073437144	226.27316899492797
2024-01-03T10:18:06.322Z	379.0947809889242	27.02083938933231	379.0947809889242	27.02083938933231
2024-01-03T10:18:06.424Z	434.9966397379134	-33.186973968490385	434.9966397379134	-33.186973968490385
2024-01-03T10:18:06.558Z	499.57432533950225	157.01891421223877	499.57432533950225	157.01891421223877
2024-01-03T10:18:06.677Z	550.9186548277116	465.3054862259283	550.9186548277116	465.3054862259283
2024-01-03T10:18:06.792Z	436.569227428329	663.2816506728304	436.569227428329	663.2816506728304
2024-01-03T10:18:06.923Z	453.2028623648452	653.5363317366263	453.2028623648452	653.5363317366263
2024-01-03T10:18:07.025Z	581.58755353399	651.784887384812	581.58755353399	651.784887384812
2024-01-03T10:18:07.172Z	615.1281886954736	567.0262682311046	615.1281886954736	567.0262682311046
2024-01-03T10:18:07.301Z	371.46054002891196	514.6411844942546	371.46054002891196	514.6411844942546
2024-01-03T10:18:07.418Z	540.5028348234241	551.0806358305545	540.5028348234241	551.0806358305545
2024-01-03T10:18:07.548Z	487.2872229555509	463.0484168849475	487.2872229555509	463.0484168849475
2024-01-03T10:18:07.667Z	293.6704759919168	282.7026482531814	293.6704759919168	282.7026482531814
2024-01-03T10:18:07.784Z	241.0109255607858	271.3629005090908	241.0109255607858	271.3629005090908
2024-01-03T10:18:07.927Z	76.05144294249443	267.99180218999254	76.05144294249443	267.99180218999254
2024-01-03T10:18:08.055Z	673.5933051029378	147.51709227452923	673.5933051029378	147.51709227452923
2024-01-03T10:18:08.184Z	508.35354099973154	73.09055845104727	508.35354099973154	73.09055845104727
2024-01-03T10:18:08.311Z	199.08562442006036	-11.724585111768363	199.08562442006036	-11.724585111768363
2024-01-03T10:18:08.435Z	105.52712261098631	45.397003959084046	105.52712261098631	45.397003959084046
2024-01-03T10:18:08.559Z	-44.39820307352687	310.40051627911635	-44.39820307352687	310.40051627911635
2024-01-03T10:18:08.685Z	326.15861967669935	622.784556754032	326.15861967669935	622.784556754032
2024-01-03T10:18:08.798Z	635.2068402681192	646.2026953907291	635.2068402681192	646.2026953907291
2024-01-03T10:18:08.924Z	1148.6399409852518	485.4195345938283	1148.6399409852518	485.4195345938283
2024-01-03T10:18:09.050Z	1468.307447518608	817.5666656023147	1468.307447518608	817.5666656023147
2024-01-03T10:18:09.165Z	1486.89276974665	845.0657103202906	1486.89276974665	855.0657103202906
2024-01-03T10:18:09.298Z	1422.5314134216412	909.5134829576855	1422.5314134216412	919.5134829576855
2024-01-03T10:18:09.416Z	1259.71442011791	626.7319272284769	1259.71442011791	636.7319272284769
2024-01-03T10:18:09.571Z	1312.0056690953418	410.60518236787163	1312.0056690953418	420.60518236787163
2024-01-03T10:18:09.688Z	1157.7461229809976	311.4153989045985	1157.7461229809976	321.4153989045985
2024-01-03T10:18:09.842Z	1191.1656236219444	359.8719434916176	1191.1656236219444	369.8719434916176
2024-01-03T10:18:09.959Z	1209.826622110175	271.29871782495644	1209.826622110175	281.29871782495644
2024-01-03T10:18:10.112Z	1311.7267701660423	401.54973146704964	1311.7267701660423	411.54973146704964
2024-01-03T10:18:10.228Z	1019.7069904941211	330.45950923981985	1019.7069904941211	340.45950923981985
2024-01-03T10:18:10.383Z	536.5449380722886	248.19132427976064	536.5449380722886	258.19132427976064
2024-01-03T10:18:10.494Z	627.5551994018568	310.17882460332834	627.5551994018568	320.17882460332834
2024-01-03T10:18:10.650Z	487.55133678448266	252.69405852255414	487.55133678448266	262.69405852255414
2024-01-03T10:18:10.763Z	858.759015798425	319.3444457241691	858.759015798425	329.3444457241691
2024-01-03T10:18:10.918Z	1386.8798474198848	740.7718333919906	1386.8798474198848	750.7718333919906
2024-01-03T10:18:11.025Z	1468.3166283647156	900.736459818537	1468.3166283647156	915.736459818537
2024-01-03T10:18:11.150Z	1442.8471473901625	904.947460490567	1442.8471473901625	929.947460490567
2024-01-03T10:18:11.263Z	1231.3639778978961	649.2569630461551	1231.3639778978961	679.2569630461551
2024-01-03T10:18:11.387Z	1243.7728280303145	519.4645275541257	1243.7728280303145	549.4645275541257
2024-01-03T10:18:11.511Z	992.1862725400493	237.1380446343117	992.1862725400493	267.1380446343117
2024-01-03T10:18:11.618Z	1018.2024387524076	393.86750888084816	1018.2024387524076	423.86750888084816
2024-01-03T10:18:11.739Z	1067.4499511485126	287.52725676900053	1067.4499511485126	317.52725676900053
2024-01-03T10:18:11.860Z	1200.8769772526298	271.0236750218705	1200.8769772526298	301.0236750218705
2024-01-03T10:18:11.981Z	1318.333335798517	252.80988569445205	1318.333335798517	282.8098856944521
2024-01-03T10:18:12.103Z	1262.8693584738705	719.0794897680748	1262.8693584738705	749.0794897680748
2024-01-03T10:18:12.226Z	1033.5625802604861	818.9170359699169	1033.5625802604861	848.9170359699169
2024-01-03T10:18:12.343Z	1028.569381795075	1252.0059279445138	1028.569381795075	1292.0059279445138
2024-01-03T10:18:12.456Z	759.6691001499956	1274.4744649856852	759.6691001499956	1319.4744649856852
2024-01-03T10:18:12.584Z	648.8460968444678	974.3529787823217	648.8460968444678	1029.3529787823218
2024-01-03T10:18:12.710Z	688.6427222320374	799.1279535625329	688.6427222320374	859.1279535625329
2024-01-03T10:18:12.825Z	652.2607204831286	657.3603517112153	652.2607204831286	717.3603517112153
2024-01-03T10:18:12.939Z	590.8195907733048	725.6547081441373	590.8195907733048	785.6547081441373
2024-01-03T10:18:13.064Z	818.2314174974273	979.9474568145152	818.2314174974273	1044.9474568145151
2024-01-03T10:18:13.190Z	977.1448351199202	1089.1686182793715	977.1448351199202	1164.1686182793715
2024-01-03T10:18:13.304Z	765.1502204692897	877.909777687554	765.1502204692897	962.909777687554
2024-01-03T10:18:13.415Z	956.043615219662	986.5033779921515	956.043615219662	1076.5033779921514
2024-01-03T10:18:13.542Z	997.9778289926712	1072.6134939534663	997.9778289926712	1172.6134939534663
2024-01-03T10:18:13.660Z	1126.994777629027	1124.1974973010851	1126.994777629027	1234.1974973010851
2024-01-03T10:18:13.781Z	1174.159547542233	914.9496262348254	1174.159547542233	1034.9496262348252
2024-01-03T10:18:13.916Z	1033.4302509007427	794.4593656238785	1033.4302509007427	924.4593656238785
2024-01-03T10:18:14.024Z	792.4534245761351	516.8497592280434	792.4534245761351	646.8497592280434
2024-01-03T10:18:14.147Z	747.2341552027199	498.29987082870764	747.2341552027199	628.2998708287076
2024-01-03T10:18:14.262Z	455.789499687598	459.831484903927	455.789499687598	589.831484903927
2024-01-03T10:18:14.386Z	274.80159618506264	318.2346920254905	274.80159618506264	448.2346920254905
2024-01-03T10:18:14.495Z	281.46004859294	405.93427620897916	281.46004859294	535.9342762089791
2024-01-03T10:18:14.632Z	21.374199667690846	327.88470351541025	21.374199667690846	457.88470351541025
2024-01-03T10:18:14.741Z	-109.68701229266696	175.79212279100423	-109.68701229266696	305.7921227910042
2024-01-03T10:18:14.862Z	-406.4300125378899	-101.05186666513657	-406.4300125378899	28.948133334863428
2024-01-03T10:18:14.983Z	-503.16312291891325	-163.8929626307487	-503.16312291891325	-43.89296263074871
2024-01-03T10:18:15.106Z	-247.66747388709607	-145.54578500671255	-247.66747388709607	-35.54578500671255
2024-01-03T10:18:15.226Z	24.20840607538863	-2.6889481702175146	24.20840607538863	97.31105182978249
2024-01-03T10:18:15.343Z	60.71617433097401	-140.73918002247413	60.71617433097401	-50.73918002247413
2024-01-03T10:18:15.463Z	226.0618497803997	-98.98002773012921	226.0618497803997	-13.980027730129208
2024-01-03T10:18:15.585Z	233.54398987177782	-139.5752183771986	233.54398987177782	-59.57521837719861
2024-01-03T10:18:15.694Z	211.82906625192658	-368.4987400283081	211.82906625192658	-293.4987400283081
2024-01-03T10:18:15.818Z	308.372426653085	-305.56326238379756	308.372426653085	-240.56326238379756
2024-01-03T10:18:15.940Z	-71.12343060042207	-619.5196112326755	-71.12343060042207	-564.5196112326755
2024-01-03T10:18:16.063Z	-179.18682587644858	-623.3243279542861	-179.18682587644858	-578.3243279542861
2024-01-03T10:18:16.184Z	60.976910278906885	-232.31557512700041	60.976910278906885	-197.31557512700041
2024-01-03T10:18:16.305Z	278.4432166462248	-65.9483389707745	278.4432166462248	-40.9483389707745
2024-01-03T10:18:16.427Z	531.8803701819875	204.44456521759153	531.8803701819875	224.44456521759153
2024-01-03T10:18:16.544Z	533.954138908649	-136.44208431804518	533.954138908649	-121.44208431804518