time	position_x	position_y	scroll_x	scroll_y
2024-01-09T07:58:09.349Z	502.3328719024229	494.33440390230714	502.3328719024229	494.33440390230714
2024-01-09T07:58:08.856Z	505.99643022108245	484.9785413174636	505.99643022108245	484.9785413174636
2024-01-09T07:58:09.560Z	524.6814497107368	465.7371871270968	524.6814497107368	465.7371871270968
2024-01-09T07:58:09.592Z	549.6345195848111	466.5395871196223	549.6345195848111	466.5395871196223
2024-01-09T07:58:09.681Z	554.2863820515439	352.91561901924274	554.2863820515439	352.91561901924274
2024-01-09T07:58:09.747Z	604.2697536082455	166.97747031423168	604.2697536082455	166.97747031423168
2024-01-09T07:58:09.844Z	434.73988230130067	177.6272574105274	434.73988230130067	177.6272574105274
2024-01-09T07:58:09.893Z	340.78855223988296	211.24860413514588	340.78855223988296	211.24860413514588
2024-01-09T07:58:09.976Z	353.70329576488643	151.1917377202125	353.70329576488643	151.1917377202125
2024-01-09T07:58:10.040Z	473.4705608809607	112.8471703190759	473.4705608809607	112.8471703190759
2024-01-09T07:58:10.121Z	467.8843877268692	54.95240318724346	467.8843877268692	54.95240318724346
2024-01-09T07:58:10.184Z	447.4185235183353	-14.188903364383378	447.4185235183353	-14.188903364383378
2024-01-09T07:58:10.266Z	384.75865302458465	-8.041811507613538	384.75865302458465	-8.041811507613538
2024-01-09T07:58:10.331Z	395.62483722275255	77.49743428870842	395.62483722275255	77.49743428870842
2024-01-09T07:58:10.426Z	410.90640897009223	64.69066139497463	410.90640897009223	64.69066139497463
2024-01-09T07:58:10.523Z	494.7796125745641	111.37520070345656	494.7796125745641	111.37520070345656
2024-01-09T07:58:10.622Z	437.5052000603546	249.11812627147572	437.5052000603546	249.11812627147572
2024-01-09T07:58:10.718Z	497.8582540827285	253.826690471368	497.8582540827285	253.826690471368
2024-01-09T07:58:10.813Z	385.88945888922825	211.88784794458167	385.88945888922825	211.88784794458167
2024-01-09T07:58:10.910Z	453.13694585144464	190.80272736413636	453.13694585144464	190.80272736413636
2024-01-09T07:58:11.009Z	508.44994007595926	99.16377812604462	508.44994007595926	99.16377812604462
2024-01-09T07:58:11.105Z	574.159347053252	116.937220401158	574.159347053252	116.937220401158
2024-01-09T07:58:11.200Z	518.569830169115	122.59049901680996	518.569830169115	122.59049901680996
2024-01-09T07:58:11.296Z	488.87416145600673	109.66140681293624	488.87416145600673	109.66140681293624
2024-01-09T07:58:11.392Z	339.8023359008893	191.92658005797037	339.8023359008893	191.92658005797037
2024-01-09T07:58:11.485Z	177.3174909654837	224.71211022983405	177.3174909654837	224.71211022983405
2024-01-09T07:58:11.616Z	314.7294479307945	109.99464061186738	314.7294479307945	109.99464061186738
2024-01-09T07:58:11.699Z	317.6082964765486	61.075065916589004	317.6082964765486	61.075065916589004
2024-01-09T07:58:11.725Z	279.34890873303135	-19.888806416149432	279.34890873303135	-19.888806416149432
2024-01-09T07:58:11.822Z	382.36508752453693	-95.3494242472548	382.36508752453693	-95.3494242472548
2024-01-09T07:58:11.917Z	491.148513157307	-18.406201257319694	491.148513157307	-18.406201257319694
2024-01-09T07:58:11.964Z	495.08992412674536	18.44204613365995	495.08992412674536	18.44204613365995
2024-01-09T07:58:12.046Z	456.4699177398616	64.53353713642369	456.4699177398616	64.53353713642369
2024-01-09T07:58:12.110Z	393.0278160037181	96.82769332738076	393.0278160037181	96.82769332738076
2024-01-09T07:58:12.191Z	317.3616877208714	43.30224724965021	317.3616877208714	43.30224724965021
2024-01-09T07:58:12.250Z	191.22152585799827	0.32786686997098435	191.22152585799827	0.32786686997098435
2024-01-09T07:58:12.335Z	167.95288221132046	115.20856105373295	167.95288221132046	115.20856105373295
2024-01-09T07:58:12.397Z	468.83776508490405	254.2410554494815	468.83776508490405	254.2410554494815
2024-01-09T07:58:12.495Z	684.0618466765146	312.2897987058116	684.0618466765146	312.2897987058116
2024-01-09T07:58:12.542Z	916.8151181514104	227.6738519205189	916.8151181514104	227.6738519205189
2024-01-09T07:58:12.636Z	1023.8583393986557	271.2611530545619	1023.8583393986557	271.2611530545619
2024-01-09T07:58:12.732Z	774.1317236291504	242.08076001008746	774.1317236291504	242.08076001008746
2024-01-09T07:58:12.832Z	819.6891010616973	153.48732355436647	819.6891010616973	153.48732355436647
2024-01-09T07:58:12.917Z	781.029155206902	248.9840272173928	781.029155206902	248.9840272173928
2024-01-09T07:58:13.017Z	815.5463389376962	278.56677089328616	815.5463389376962	278.56677089328616
2024-01-09T07:58:13.081Z	733.5297197561055	257.37888394966313	733.5297197561055	257.37888394966313
2024-01-09T07:58:13.176Z	810.413043280772	216.26260956861435	810.413043280772	216.26260956861435
2024-01-09T07:58:13.273Z	848.4625203818993	541.1500367145228	848.4625203818993	541.1500367145228
2024-01-09T07:58:13.367Z	886.6018173471199	609.6449791277314	886.6018173471199	609.6449791277314
2024-01-09T07:58:13.461Z	871.5434904322724	572.08988866609	871.5434904322724	572.08988866609
2024-01-09T07:58:13.556Z	884.8277010171452	609.6913176387612	884.8277010171452	609.6913176387612
2024-01-09T07:58:13.650Z	999.7717382153708	407.1637358014305	999.7717382153708	407.1637358014305
2024-01-09T07:58:13.779Z	1012.5596288360249	426.799193290994	1012.5596288360249	426.799193290994
2024-01-09T07:58:13.860Z	993.8343574594861	453.36612321168303	993.8343574594861	453.36612321168303
2024-01-09T07:58:13.886Z	973.8737054072899	476.2673509509792	973.8737054072899	476.2673509509792
2024-01-09T07:58:13.985Z	1060.5359783487272	415.832165424645	1060.5359783487272	415.832165424645
2024-01-09T07:58:14.082Z	908.5387221598429	344.69943280911383	908.5387221598429	344.69943280911383
2024-01-09T07:58:14.181Z	835.2305751873578	318.8155149469211	835.2305751873578	318.8155149469211
2024-01-09T07:58:14.279Z	851.1128061484568	263.22824091391726	851.1128061484568	263.22824091391726
2024-01-09T07:58:14.411Z	756.9889156218867	297.563875599145	756.9889156218867	297.563875599145
2024-01-09T07:58:14.516Z	725.0313476384309	206.2507928230064	725.0313476384309	206.2507928230064
2024-01-09T07:58:14.618Z	764.4960983784648	91.39705053633254	764.4960983784648	91.39705053633254
2024-01-09T07:58:14.717Z	672.5094354825083	111.68060550762905	672.5094354825083	111.68060550762905
2024-01-09T07:58:14.768Z	677.8980686729691	86.20749076038028	677.8980686729691	86.20749076038028
2024-01-09T07:58:14.852Z	552.4035953456582	48.88234299968391	552.4035953456582	48.88234299968391
2024-01-09T07:58:14.916Z	435.6950718333321	51.625747532412554	435.6950718333321	51.625747532412554
2024-01-09T07:58:15.013Z	431.66395477246203	111.866867074716	431.66395477246203	111.866867074716
2024-01-09T07:58:15.061Z	476.63046933054056	115.27309312647604	476.63046933054056	115.27309312647604
2024-01-09T07:58:15.168Z	490.48624232335646	132.2826303077835	490.48624232335646	132.2826303077835
2024-01-09T07:58:15.236Z	434.1829209189166	128.91551859994465	434.1829209189166	128.91551859994465
2024-01-09T07:58:15.338Z	536.3393964385197	-0.48597224612943535	536.3393964385197	-0.48597224612943535
2024-01-09T07:58:15.386Z	601.5021565239132	110.03168989183479	601.5021565239132	110.03168989183479
2024-01-09T07:58:15.469Z	485.6979070813454	43.176082882200234	485.6979070813454	43.176082882200234
2024-01-09T07:58:15.531Z	347.094457058838	-106.87925226643546	347.094457058838	-106.87925226643546
2024-01-09T07:58:15.613Z	255.65370229728285	-129.05913607708203	255.65370229728285	-129.05913607708203
2024-01-09T07:58:15.674Z	282.8183610044546	-228.19366455034626	282.8183610044546	-228.19366455034626
2024-01-09T07:58:15.756Z	313.51215575294043	-123.17481559036409	313.51215575294043	-123.17481559036409
2024-01-09T07:58:15.821Z	435.02838352199893	27.128589439866133	435.02838352199893	27.128589439866133
2024-01-09T07:58:15.903Z	521.4387820734916	153.07382151383445	521.4387820734916	153.07382151383445
2024-01-09T07:58:15.964Z	494.809768647474	340.31132481972253	494.809768647474	340.31132481972253
2024-01-09T07:58:16.049Z	589.2442004329255	397.63895186621573	589.2442004329255	397.63895186621573
2024-01-09T07:58:16.116Z	454.94630569800086	469.60058434301516	454.94630569800086	469.60058434301516
2024-01-09T07:58:16.215Z	364.38074889874446	262.6342090211865	364.38074889874446	262.6342090211865
2024-01-09T07:58:16.264Z	240.94017697480552	183.45127755268646	240.94017697480552	183.45127755268646
2024-01-09T07:58:16.348Z	228.3341900186274	313.02658785966025	228.3341900186274	313.02658785966025
2024-01-09T07:58:16.411Z	218.2466425718336	484.72617644713984	218.2466425718336	484.72617644713984
2024-01-09T07:58:16.510Z	238.3395871780189	609.9177004904345	238.3395871780189	609.9177004904345
2024-01-09T07:58:16.562Z	299.28646164077554	625.2953362845991	299.28646164077554	625.2953362845991
2024-01-09T07:58:16.648Z	286.4717362396259	539.0379618944183	286.4717362396259	539.0379618944183
2024-01-09T07:58:16.711Z	308.65868221317544	481.1248574996073	308.65868221317544	481.1248574996073
2024-01-09T07:58:16.813Z	279.2690323294672	301.925349231877	279.2690323294672	301.925349231877
2024-01-09T07:58:16.862Z	314.3577858697884	340.1011776265874	314.3577858697884	340.1011776265874
2024-01-09T07:58:16.949Z	284.56981036619584	367.27042466529963	284.56981036619584	367.27042466529963
2024-01-09T07:58:17.014Z	391.1875684587487	362.35581354293697	391.1875684587487	362.35581354293697
2024-01-09T07:58:17.113Z	363.61809731598925	431.0419644526317	363.61809731598925	431.0419644526317
2024-01-09T07:58:17.165Z	345.3604187757905	486.70537770009037	345.3604187757905	486.70537770009037
2024-01-09T07:58:17.252Z	372.2139502894686	438.91691845630424	372.2139502894686	438.91691845630424
2024-01-09T07:58:17.315Z	364.70533851725486	328.3289035219996	364.70533851725486	328.3289035219996
2024-01-09T07:58:17.415Z	460.1935349635621	354.32688182356816	460.1935349635621	354.32688182356816
2024-01-09T07:58:17.469Z	392.7670080102981	327.67210109146794	392.7670080102981	327.67210109146794
2024-01-09T07:58:17.561Z	354.74022276172616	342.83337198238803	354.74022276172616	342.83337198238803
2024-01-09T07:58:17.627Z	187.3394108244724	449.8275853136967	187.3394108244724	449.8275853136967
2024-01-09T07:58:17.714Z	277.23831987001876	502.73646835889286	277.23831987001876	502.73646835889286
2024-01-09T07:58:17.777Z	329.29828532317026	554.8123725329505	329.29828532317026	554.8123725329505
2024-01-09T07:58:17.865Z	347.1873248459962	549.6942843562823	347.1873248459962	549.6942843562823
2024-01-09T07:58:17.928Z	318.2704316347855	509.48021374568174	318.2704316347855	509.48021374568174
2024-01-09T07:58:18.017Z	450.85549537002544	596.5704886321206	450.85549537002544	596.5704886321206
2024-01-09T07:58:18.081Z	454.092111412842	567.4109339921107	454.092111412842	567.4109339921107
2024-01-09T07:58:18.167Z	463.69203732855885	656.413741275245	463.69203732855885	656.413741275245
2024-01-09T07:58:18.231Z	439.6678348591782	731.535558676805	439.6678348591782	731.535558676805
2024-01-09T07:58:18.315Z	612.9290862628939	721.4161569989559	612.9290862628939	721.4161569989559
2024-01-09T07:58:18.380Z	715.3153317064072	735.1287544987176	715.3153317064072	735.1287544987176
2024-01-09T07:58:18.463Z	723.5082565372742	738.835243045348	723.5082565372742	738.835243045348
2024-01-09T07:58:18.526Z	650.2967131246813	720.404052218986	650.2967131246813	720.404052218986
2024-01-09T07:58:18.611Z	660.0570853606137	724.7505817961049	660.0570853606137	724.7505817961049
2024-01-09T07:58:18.674Z	755.4722650024031	748.5355640062917	755.4722650024031	748.5355640062917
2024-01-09T07:58:18.759Z	640.0247405645667	703.059756687326	640.0247405645667	703.059756687326
2024-01-09T07:58:18.822Z	425.14356040500627	697.2217924250679	425.14356040500627	697.2217924250679
2024-01-09T07:58:18.908Z	417.5319450488342	771.6619448347227	417.5319450488342	771.6619448347227
2024-01-09T07:58:18.971Z	422.61452677788304	744.5913426670872	422.61452677788304	744.5913426670872
2024-01-09T07:58:19.055Z	356.4660628775364	750.0581355984448	356.4660628775364	750.0581355984448
2024-01-09T07:58:19.119Z	211.41845220716223	711.2071232078197	211.41845220716223	711.2071232078197
2024-01-09T07:58:19.203Z	180.77269406575414	734.9357631548198	180.77269406575414	734.9357631548198
2024-01-09T07:58:19.267Z	149.3684731466464	975.8386338562234	149.3684731466464	980.8386338562234
2024-01-09T07:58:19.369Z	168.65372136950862	1154.3934449631447	168.65372136950862	1164.3934449631447
2024-01-09T07:58:19.416Z	127.96534725821121	1187.2891309496922	127.96534725821121	1197.2891309496922
2024-01-09T07:58:19.503Z	160.19600963400893	1185.098636781411	160.19600963400893	1195.098636781411
2024-01-09T07:58:19.566Z	150.04868660405813	1145.544694127421	150.04868660405813	1160.544694127421
2024-01-09T07:58:19.666Z	204.5900795204119	1387.0336517808328	204.5900795204119	1407.0336517808328
2024-01-09T07:58:19.713Z	249.91333362825492	1220.7525610807527	249.91333362825492	1240.7525610807527
2024-01-09T07:58:19.797Z	266.5450287085326	1015.2776935949777	266.5450287085326	1035.2776935949778
2024-01-09T07:58:19.860Z	364.791081236355	785.7562425095098	364.791081236355	810.7562425095098
2024-01-09T07:58:19.956Z	405.06337947867274	559.97835480458	405.06337947867274	584.97835480458
2024-01-09T07:58:20.007Z	455.3698986719883	552.0296678963587	455.3698986719883	577.0296678963587
2024-01-09T07:58:20.092Z	394.3141726607614	558.7036757586094	394.3141726607614	583.7036757586094
2024-01-09T07:58:20.155Z	272.42373373910027	472.6513041205967	272.42373373910027	497.6513041205967
2024-01-09T07:58:20.238Z	246.26730219677708	488.53132223888554	246.26730219677708	513.5313222388855
2024-01-09T07:58:20.336Z	242.3822790716785	508.9175725209929	242.3822790716785	533.917572520993
2024-01-09T07:58:20.388Z	176.02445778777178	683.1055981392087	176.02445778777178	708.1055981392087
2024-01-09T07:58:20.450Z	111.2214225969468	920.7949081655663	111.2214225969468	950.7949081655663
2024-01-09T07:58:20.532Z	125.68761828683324	914.9088105168327	125.68761828683324	944.9088105168327
2024-01-09T07:58:20.596Z	81.17651673688988	929.1832430572913	81.17651673688988	964.1832430572913
2024-01-09T07:58:20.681Z	133.09830671706294	848.2491137917798	133.09830671706294	883.2491137917798
2024-01-09T07:58:20.749Z	169.87405768932416	765.7021528143155	169.87405768932416	805.7021528143155
2024-01-09T07:58:20.848Z	245.7392736296288	723.6311894441048	245.7392736296288	763.6311894441048
2024-01-09T07:58:20.947Z	282.5771780446948	661.9279115453232	282.5771780446948	701.9279115453232
2024-01-09T07:58:21.045Z	273.3631637263537	707.9344131126929	273.3631637263537	747.9344131126929
2024-01-09T07:58:21.143Z	281.74240258776837	655.8203778708074	281.74240258776837	695.8203778708074
2024-01-09T07:58:21.240Z	395.93552528555404	692.0965157101019	395.93552528555404	732.0965157101019
2024-01-09T07:58:21.372Z	398.29006214978597	478.29802894755375	398.29006214978597	518.2980289475538
2024-01-09T07:58:21.420Z	457.5718723163088	360.06686404008906	457.5718723163088	400.06686404008906
2024-01-09T07:58:21.552Z	544.7904605013077	402.91100967665307	544.7904605013077	442.91100967665307
2024-01-09T07:58:21.592Z	570.6009563471804	498.097132949803	570.6009563471804	538.0971329498029
2024-01-09T07:58:21.675Z	651.9191879480876	466.2612424814721	651.9191879480876	506.2612424814721
2024-01-09T07:58:21.738Z	824.0903522963156	373.11061361326085	824.0903522963156	413.11061361326085
2024-01-09T07:58:21.818Z	741.7713306226717	342.82665090964724	741.7713306226717	382.82665090964724
2024-01-09T07:58:21.877Z	929.8551442335738	156.266028176095	929.8551442335738	196.266028176095
2024-01-09T07:58:21.960Z	936.0557323126206	67.14735576157548	936.0557323126206	107.14735576157548
2024-01-09T07:58:22.022Z	868.0343964430755	168.279923189346	868.0343964430755	208.279923189346
2024-01-09T07:58:22.118Z	956.9966244478196	480.3752519249356	956.9966244478196	520.3752519249356
2024-01-09T07:58:22.166Z	908.7656618391743	569.1547360371409	908.7656618391743	609.1547360371409
2024-01-09T07:58:22.249Z	820.0337590874517	585.1189798163472	820.0337590874517	625.1189798163472
2024-01-09T07:58:22.310Z	645.4164410211703	736.0851297825221	645.4164410211703	776.0851297825221
2024-01-09T07:58:22.398Z	705.0928214914338	790.4737974503988	705.0928214914338	830.4737974503988
2024-01-09T07:58:22.462Z	585.6694511148753	831.9790471537617	585.6694511148753	876.9790471537617
2024-01-09T07:58:22.547Z	921.3034042939134	717.2496394894761	921.3034042939134	762.2496394894761
2024-01-09T07:58:22.611Z	1092.8169258385203	580.2331558069505	1092.8169258385203	625.2331558069505
2024-01-09T07:58:22.695Z	1332.5375068909402	469.5438167569339	1332.5375068909402	514.5438167569339
2024-01-09T07:58:22.761Z	1474.144625100811	194.7454154386853	1474.144625100811	239.7454154386853
2024-01-09T07:58:22.847Z	1456.8982676208584	92.57667284765563	1456.8982676208584	137.57667284765563
2024-01-09T07:58:22.910Z	1354.2846811585523	7.686857972071607	1354.2846811585523	47.68685797207161
2024-01-09T07:58:22.997Z	1231.08444559719	106.92104255531173	1231.08444559719	146.92104255531171
2024-01-09T07:58:23.063Z	1238.5256682574773	58.251527020314754	1238.5256682574773	98.25152702031475
2024-01-09T07:58:23.149Z	1279.647718667004	23.00335531785915	1279.647718667004	63.003355317859146
2024-01-09T07:58:23.212Z	1291.4842507223843	65.18088390417435	1291.4842507223843	105.18088390417435
2024-01-09T07:58:23.298Z	1387.1209888663172	132.8085509298612	1387.1209888663172	172.8085509298612
2024-01-09T07:58:23.398Z	1346.0832699060347	205.87896835944886	1346.0832699060347	245.87896835944886
2024-01-09T07:58:23.449Z	1421.401668415664	180.83011022279192	1421.401668415664	220.83011022279192
2024-01-09T07:58:23.514Z	1461.5344885771158	201.12189192914272	1461.5344885771158	241.12189192914272
2024-01-09T07:58:23.599Z	1450.1003158916321	227.99469589193947	1450.1003158916321	267.9946958919395
2024-01-09T07:58:23.699Z	1514.2057617854146	94.90567099016816	1514.2057617854146	134.90567099016818
2024-01-09T07:58:23.750Z	1579.2609721584815	48.30071046442701	1579.2609721584815	88.30071046442701
2024-01-09T07:58:23.813Z	1672.997410311693	-1.4342885384670776	1672.997410311693	38.56571146153292
2024-01-09T07:58:23.899Z	1711.392826940882	-43.47060314758276	1711.392826940882	-3.4706031475827572
2024-01-09T07:58:23.997Z	1431.2618813041665	127.84516846370946	1431.2618813041665	167.84516846370946
2024-01-09T07:58:24.047Z	1474.8908538694113	191.58368501502426	1474.8908538694113	231.58368501502426
2024-01-09T07:58:24.111Z	1526.1387496162888	323.6616538943516	1526.1387496162888	363.6616538943516
2024-01-09T07:58:24.197Z	1516.074638555423	242.60940718470886	1516.074638555423	282.60940718470886
2024-01-09T07:58:24.298Z	1357.7679672306024	271.8477877754668	1357.7679672306024	311.8477877754668
2024-01-09T07:58:24.349Z	1414.60822998068	430.4031112681478	1414.60822998068	470.4031112681478
2024-01-09T07:58:24.414Z	1328.6768203283757	739.808349776782	1328.6768203283757	779.808349776782
2024-01-09T07:58:24.500Z	1329.6461542390284	839.4964752022657	1329.6461542390284	879.4964752022657
2024-01-09T07:58:24.600Z	1380.791305572983	1015.4919517429332	1380.791305572983	1060.4919517429332
2024-01-09T07:58:24.650Z	1252.935133177334	1033.4828402680082	1252.935133177334	1078.4828402680082
2024-01-09T07:58:24.713Z	1241.8873137984604	1025.718615917297	1241.8873137984604	1075.718615917297
2024-01-09T07:58:24.797Z	1183.009461290754	1001.4025403472131	1183.009461290754	1051.402540347213
2024-01-09T07:58:24.897Z	1099.889091281559	844.0101657405796	1099.889091281559	899.0101657405796
2024-01-09T07:58:24.948Z	1171.2789069470148	768.7520498312061	1171.2789069470148	823.7520498312061
2024-01-09T07:58:25.011Z	1388.8618760357404	742.3373638183152	1388.8618760357404	797.3373638183152
2024-01-09T07:58:25.095Z	1560.2835684134357	693.9389633790162	1560.2835684134357	748.9389633790162
2024-01-09T07:58:25.194Z	1597.3579491971743	710.9451779171319	1597.3579491971743	765.9451779171319
2024-01-09T07:58:25.245Z	1553.529035580538	774.1941492473022	1553.529035580538	829.1941492473022
2024-01-09T07:58:25.310Z	1535.4125608133336	833.3405856195058	1535.4125608133336	888.3405856195058
2024-01-09T07:58:25.395Z	1519.368052146937	732.3658914146077	1519.368052146937	787.3658914146077
2024-01-09T07:58:25.459Z	1422.6346101734925	641.7781268242753	1422.6346101734925	696.7781268242753
2024-01-09T07:58:25.543Z	1358.4839688541892	594.9436137529765	1358.4839688541892	649.9436137529765
2024-01-09T07:58:25.608Z	1242.4490254949035	662.4549842961133	1242.4490254949035	717.4549842961133
2024-01-09T07:58:25.691Z	1319.162512928759	592.3522253370992	1319.162512928759	647.3522253370992
2024-01-09T07:58:25.756Z	1285.428716349654	608.0590120817374	1285.428716349654	663.0590120817374
2024-01-09T07:58:25.842Z	1219.1252687042263	653.9063689275562	1219.1252687042263	708.9063689275562
2024-01-09T07:58:25.906Z	1147.7459502495583	723.9417782676035	1147.7459502495583	778.9417782676035
2024-01-09T07:58:25.994Z	1162.7613662510753	696.2625368261829	1162.7613662510753	751.2625368261829
2024-01-09T07:58:26.058Z	1178.6460209973868	740.6436071762946	1178.6460209973868	795.6436071762946
2024-01-09T07:58:26.142Z	1177.6674192214032	741.5728262083919	1177.6674192214032	796.5728262083919
2024-01-09T07:58:26.204Z	1315.3469226940217	789.6030590329161	1315.3469226940217	844.6030590329161
2024-01-09T07:58:26.291Z	1276.7822893431355	737.7812092356406	1276.7822893431355	792.7812092356406
2024-01-09T07:58:26.355Z	1297.7328446457666	611.7522280944551	1297.7328446457666	666.7522280944551
2024-01-09T07:58:26.438Z	1337.0165266218553	647.75305684342	1337.0165266218553	702.75305684342
2024-01-09T07:58:26.502Z	1366.9724887172672	616.9498649905395	1366.9724887172672	671.9498649905395
2024-01-09T07:58:26.589Z	1490.3037469816675	745.9011550343654	1490.3037469816675	800.9011550343654
2024-01-09T07:58:26.653Z	1545.0676869669303	808.7261054168118	1545.0676869669303	863.7261054168118
2024-01-09T07:58:26.738Z	1440.3698252288775	905.0894475169988	1440.3698252288775	960.0894475169988
2024-01-09T07:58:26.802Z	1236.684027457262	980.9543495127743	1236.684027457262	1040.9543495127743
2024-01-09T07:58:26.889Z	1045.137335031979	774.0393663013882	1045.137335031979	834.0393663013882
2024-01-09T07:58:26.952Z	1041.5747608979082	552.3372010875278	1041.5747608979082	612.3372010875278
2024-01-09T07:58:27.044Z	1000.1675746830481	406.0707745522887	1000.1675746830481	466.0707745522887
2024-01-09T07:58:27.112Z	918.4022264190261	302.9713082063961	918.4022264190261	362.9713082063961
2024-01-09T07:58:27.202Z	964.5140853877591	354.71727741767376	964.5140853877591	414.71727741767376
2024-01-09T07:58:27.265Z	934.2779036675901	476.2125494907348	934.2779036675901	536.2125494907348
2024-01-09T07:58:27.364Z	972.9969247617438	487.3817481909883	972.9969247617438	547.3817481909882
2024-01-09T07:58:27.413Z	1174.8196281519008	548.4955556078252	1174.8196281519008	608.4955556078252
2024-01-09T07:58:27.498Z	1024.7241333199997	465.20964389396875	1024.7241333199997	525.2096438939687
2024-01-09T07:58:27.561Z	827.8321209566118	574.8426824523078	827.8321209566118	634.8426824523078
2024-01-09T07:58:27.643Z	768.5763538079356	548.3561093088956	768.5763538079356	608.3561093088956
2024-01-09T07:58:27.739Z	815.0841927022569	544.0821136923006	815.0841927022569	604.0821136923006
2024-01-09T07:58:27.790Z	742.6843671004372	425.192880484867	742.6843671004372	485.192880484867
2024-01-09T07:58:27.852Z	549.212390047591	224.47875354224664	549.212390047591	284.47875354224664
2024-01-09T07:58:27.933Z	592.3356231434586	127.069609149108	592.3356231434586	187.069609149108
2024-01-09T07:58:27.996Z	717.6314107553467	68.10590271152056	717.6314107553467	128.10590271152057
2024-01-09T07:58:28.078Z	834.7267944050318	178.15748593241386	834.7267944050318	238.15748593241386
2024-01-09T07:58:28.140Z	802.0414703015377	399.78389079308175	802.0414703015377	459.78389079308175
2024-01-09T07:58:28.236Z	778.7107684292439	227.59418092491612	778.7107684292439	287.59418092491615
2024-01-09T07:58:28.285Z	641.353908138627	183.95998699652517	641.353908138627	243.95998699652517
2024-01-09T07:58:28.370Z	578.6690590896548	208.3380603870732	578.6690590896548	268.3380603870732
2024-01-09T07:58:28.432Z	415.1153637048438	220.8239054626158	415.1153637048438	280.8239054626158
2024-01-09T07:58:28.516Z	428.3006546341105	326.7328983926971	428.3006546341105	386.7328983926971
2024-01-09T07:58:28.611Z	491.9195156000274	423.6975086043476	491.9195156000274	483.6975086043476
2024-01-09T07:58:28.659Z	524.6254389053546	421.7510791861659	524.6254389053546	481.7510791861659
2024-01-09T07:58:28.722Z	592.5081664104034	482.7782965758697	592.5081664104034	542.7782965758697
2024-01-09T07:58:28.803Z	640.4414272054485	466.0303804265851	640.4414272054485	526.0303804265851
2024-01-09T07:58:28.866Z	746.8046615095495	404.2665757326074	746.8046615095495	464.2665757326074
2024-01-09T07:58:28.962Z	838.5700221968402	353.101224917958	838.5700221968402	413.101224917958
2024-01-09T07:58:29.008Z	839.266870418951	259.3167736684933	839.266870418951	319.3167736684933
2024-01-09T07:58:29.092Z	880.7526021922866	317.0402621972797	880.7526021922866	377.0402621972797
2024-01-09T07:58:29.154Z	928.2422457983646	384.72871717072167	928.2422457983646	444.72871717072167
2024-01-09T07:58:29.236Z	1007.7487070914215	409.48500266915784	1007.7487070914215	469.48500266915784
2024-01-09T07:58:29.331Z	1178.1074826129277	395.9075352438977	1178.1074826129277	455.9075352438977
2024-01-09T07:58:29.379Z	1105.0448768910367	228.16805048957923	1105.0448768910367	288.16805048957923
2024-01-09T07:58:29.441Z	1079.4641995738714	5.904229390874214	1079.4641995738714	65.9042293908742
2024-01-09T07:58:29.521Z	1050.1834468269258	4.538344031488798	1050.1834468269258	64.5383440314888
2024-01-09T07:58:29.582Z	930.5340433133048	10.524475558632362	930.5340433133048	70.52447555863236
2024-01-09T07:58:29.663Z	791.088588478183	93.98587504502314	791.088588478183	153.98587504502314
2024-01-09T07:58:29.724Z	956.7068228079592	209.92019672596308	956.7068228079592	269.9201967259631
2024-01-09T07:58:29.803Z	1026.7901962865806	134.4023939546176	1026.7901962865806	194.4023939546176
2024-01-09T07:58:29.896Z	1093.7119407694252	155.7320782055378	1093.7119407694252	215.7320782055378
2024-01-09T07:58:29.945Z	880.4589971543555	1.202829371127251	880.4589971543555	61.20282937112725
2024-01-09T07:58:30.005Z	930.8241294312882	-124.41092002890196	930.8241294312882	-69.41092002890196
2024-01-09T07:58:30.101Z	1066.54627055123	-169.79358906373963	1066.54627055123	-119.79358906373963
2024-01-09T07:58:30.148Z	1171.5750183019468	-169.35545544198544	1171.5750183019468	-119.35545544198544
2024-01-09T07:58:30.229Z	1218.4568141577274	-40.06001345272881	1218.4568141577274	9.93998654727119
2024-01-09T07:58:30.291Z	1258.6489448368147	141.684337020751	1258.6489448368147	191.684337020751
2024-01-09T07:58:30.370Z	1083.649663265609	189.06183929368243	1083.649663265609	239.06183929368243
2024-01-09T07:58:30.434Z	899.2200792346713	261.2603000121251	899.2200792346713	311.2603000121251
2024-01-09T07:58:30.517Z	878.0952241757522	256.8608548457905	878.0952241757522	306.8608548457905
2024-01-09T07:58:30.579Z	754.1579610651576	303.53646476448694	754.1579610651576	353.53646476448694
2024-01-09T07:58:30.660Z	744.8590653384454	364.80883650733756	744.8590653384454	414.80883650733756
2024-01-09T07:58:30.722Z	796.4253448265737	363.95721495860835	796.4253448265737	413.95721495860835
2024-01-09T07:58:30.817Z	860.4725071724934	282.59354899729084	860.4725071724934	332.59354899729084
2024-01-09T07:58:30.865Z	887.2511261834499	248.4921494318419	887.2511261834499	298.4921494318419
2024-01-09T07:58:30.945Z	940.6609480341435	268.56165792717445	940.6609480341435	318.56165792717445
2024-01-09T07:58:31.007Z	994.3950910447328	259.8405978418197	994.3950910447328	309.8405978418197
2024-01-09T07:58:31.087Z	999.9729754480135	237.31339495045302	999.9729754480135	287.313394950453
2024-01-09T07:58:31.148Z	1004.181446864772	200.50270198103084	1004.181446864772	250.50270198103084
2024-01-09T07:58:31.230Z	1021.0382127039069	179.00626904322664	1021.0382127039069	229.00626904322664
2024-01-09T07:58:31.292Z	907.7447526472874	155.02339515869463	907.7447526472874	205.02339515869463
2024-01-09T07:58:31.385Z	898.2861289799313	70.88672425100349	898.2861289799313	120.88672425100349
2024-01-09T07:58:31.433Z	899.8087557493012	27.75099721094651	899.8087557493012	77.75099721094651
2024-01-09T07:58:31.514Z	858.3418635601926	27.244277795310946	858.3418635601926	77.24427779531095
2024-01-09T07:58:31.575Z	778.7619534081664	66.68974911162468	778.7619534081664	116.68974911162468
2024-01-09T07:58:31.655Z	873.0594065688281	92.5569382523883	873.0594065688281	142.5569382523883
2024-01-09T07:58:31.714Z	1023.1895037239414	260.98764323775265	1023.1895037239414	310.98764323775265
2024-01-09T07:58:31.796Z	963.6696630967689	423.07831319818735	963.6696630967689	473.07831319818735
2024-01-09T07:58:31.857Z	623.3370325556946	363.216692081529	623.3370325556946	413.216692081529
2024-01-09T07:58:31.950Z	539.6564823524261	439.6771559988929	539.6564823524261	489.6771559988929
2024-01-09T07:58:31.998Z	738.522337296332	489.7573319210474	738.522337296332	539.7573319210474
2024-01-09T07:58:32.079Z	901.8005892123414	377.95882265490513	901.8005892123414	427.95882265490513
2024-01-09T07:58:32.141Z	982.841974131396	442.65487808114386	982.841974131396	492.65487808114386
2024-01-09T07:58:32.221Z	914.8162678314866	356.58983163021753	914.8162678314866	406.58983163021753
2024-01-09T07:58:32.281Z	1037.9424650947376	293.40478570301536	1037.9424650947376	343.40478570301536
2024-01-09T07:58:32.362Z	1048.4292265157949	572.3812277056935	1048.4292265157949	622.3812277056935
2024-01-09T07:58:32.425Z	772.5371382664066	740.1339693856102	772.5371382664066	790.1339693856102
2024-01-09T07:58:32.503Z	759.1314107238987	688.7955445414973	759.1314107238987	738.7955445414973
2024-01-09T07:58:32.599Z	1005.6834154776536	541.698584824084	1005.6834154776536	591.698584824084
2024-01-09T07:58:32.647Z	778.2077368761817	593.5319561889745	778.2077368761817	643.5319561889745
2024-01-09T07:58:32.708Z	-376.119064855755	506.614036852874	-376.119064855755	556.614036852874
2024-01-09T07:58:32.805Z	-356.25578797354194	102.3316420370461	-356.25578797354194	152.3316420370461
2024-01-09T07:58:32.852Z	-264.98190138365	-77.36200449792587	-264.98190138365	-27.362004497925867
2024-01-09T07:58:32.934Z	78.70882497289762	-73.13614378063569	78.70882497289762	-23.13614378063569
2024-01-09T07:58:32.997Z	559.4489051650287	193.94915011608182	559.4489051650287	243.94915011608182
2024-01-09T07:58:33.090Z	786.0113821550818	100.68446425470599	786.0113821550818	150.68446425470597
2024-01-09T07:58:33.137Z	879.1837596698521	331.9767172118843	879.1837596698521	381.9767172118843
2024-01-09T07:58:33.218Z	843.8342124758201	244.36299976000092	843.8342124758201	294.3629997600009
2024-01-09T07:58:33.280Z	716.64137487993	218.25690745699666	716.64137487993	268.25690745699666
2024-01-09T07:58:33.361Z	724.2153009950963	158.17567924491613	724.2153009950963	208.17567924491613
2024-01-09T07:58:33.421Z	876.7799262876915	343.2273956758424	876.7799262876915	393.2273956758424
2024-01-09T07:58:33.502Z	841.5622651193718	412.93613021395447	841.5622651193718	462.93613021395447
2024-01-09T07:58:33.566Z	717.0347578515306	456.0783022919916	717.0347578515306	506.0783022919916
2024-01-09T07:58:33.645Z	565.6712648377677	541.3018604159718	565.6712648377677	591.3018604159718
2024-01-09T07:58:33.707Z	281.195111146964	643.6351943939683	281.195111146964	693.6351943939683
2024-01-09T07:58:33.787Z	227.67754953198497	656.5146109775462	227.67754953198497	706.5146109775462
2024-01-09T07:58:33.847Z	310.77109225800217	561.8581827294649	310.77109225800217	611.8581827294649
2024-01-09T07:58:33.929Z	256.83690116934616	570.6992467137222	256.83690116934616	620.6992467137222
2024-01-09T07:58:33.991Z	229.19877476281837	565.1637854836821	229.19877476281837	615.1637854836821
2024-01-09T07:58:34.084Z	286.8270756625046	482.46013860753396	286.8270756625046	532.460138607534
2024-01-09T07:58:34.132Z	339.49977442172803	404.7717769738135	339.49977442172803	454.7717769738135
2024-01-09T07:58:34.213Z	243.04235438150738	218.84301361984805	243.04235438150738	268.8430136198481
2024-01-09T07:58:34.275Z	443.9940489460338	59.537392640883034	443.9940489460338	109.53739264088304
2024-01-09T07:58:34.355Z	575.339119927698	27.49677397446803	575.339119927698	77.49677397446803
2024-01-09T07:58:34.416Z	944.3609713756828	-4.483257374600932	944.3609713756828	45.51674262539907
2024-01-09T07:58:34.498Z	1063.4714481596006	-79.14704664916835	1063.4714481596006	-29.147046649168345
2024-01-09T07:58:34.560Z	1151.7193873007814	-93.5781611735064	1151.7193873007814	-48.5781611735064
2024-01-09T07:58:34.655Z	1197.3861035385385	-94.43815422042556	1197.3861035385385	-54.43815422042556
2024-01-09T07:58:34.702Z	1171.1558400090116	-64.75882777286664	1171.1558400090116	-24.75882777286664
2024-01-09T07:58:34.784Z	1098.9052480808127	8.263546618813649	1098.9052480808127	48.26354661881365
2024-01-09T07:58:34.846Z	1044.0181871224606	70.48972276521992	1044.0181871224606	110.48972276521992
2024-01-09T07:58:34.925Z	872.3463218756347	261.19359774689326	872.3463218756347	301.19359774689326
2024-01-09T07:58:34.988Z	639.6338585733354	405.24472657214	639.6338585733354	445.24472657214
2024-01-09T07:58:35.069Z	594.4735995951751	326.2933062587513	594.4735995951751	366.2933062587513
2024-01-09T07:58:35.131Z	497.10333424249336	305.5005533258271	497.10333424249336	345.5005533258271
2024-01-09T07:58:35.230Z	548.0219466590452	460.15593128279215	548.0219466590452	500.15593128279215
2024-01-09T07:58:35.277Z	571.3740988995435	462.56065317710585	571.3740988995435	502.56065317710585
2024-01-09T07:58:35.359Z	612.3658622470269	400.7717909766839	612.3658622470269	440.7717909766839
2024-01-09T07:58:35.423Z	737.7867256868153	281.1611920697496	737.7867256868153	321.1611920697496
2024-01-09T07:58:35.502Z	833.7378931160353	268.1174259925088	833.7378931160353	308.1174259925088
2024-01-09T07:58:35.598Z	938.363382329144	214.1680405773404	938.363382329144	254.1680405773404
2024-01-09T07:58:35.648Z	936.0045463430697	239.26075127190413	936.0045463430697	279.26075127190416
2024-01-09T07:58:35.709Z	925.9909856595757	222.35432087868924	925.9909856595757	262.35432087868924
2024-01-09T07:58:35.791Z	841.7775474002606	226.0108111903122	841.7775474002606	266.0108111903122
2024-01-09T07:58:35.851Z	906.3524963332497	228.94562733442575	906.3524963332497	268.94562733442575
2024-01-09T07:58:35.933Z	915.7255052019544	176.31037551238444	915.7255052019544	216.31037551238444
2024-01-09T07:58:35.996Z	977.3832210628957	105.9158658338933	977.3832210628957	145.9158658338933
2024-01-09T07:58:36.089Z	1093.8052277247011	9.731510805864486	1093.8052277247011	49.73151080586449
2024-01-09T07:58:36.136Z	988.621551226965	76.86135140320422	988.621551226965	116.86135140320422
2024-01-09T07:58:36.218Z	814.0012079511514	-39.148499955205196	814.0012079511514	0.851500044794804
2024-01-09T07:58:36.280Z	811.1232041986211	-105.40702481671497	811.1232041986211	-70.40702481671497
2024-01-09T07:58:36.361Z	787.528489868797	-107.78014157704168	787.528489868797	-72.78014157704168
2024-01-09T07:58:36.422Z	778.1901948275893	-48.091482398581334	778.1901948275893	-18.091482398581334
2024-01-09T07:58:36.503Z	659.6866796033039	76.12492924024698	659.6866796033039	106.12492924024698
2024-01-09T07:58:36.564Z	583.4502177013646	254.3260972558943	583.4502177013646	284.3260972558943
2024-01-09T07:58:36.644Z	569.9037788224509	265.543385469214	569.9037788224509	295.543385469214
2024-01-09T07:58:36.707Z	627.4084581102271	276.832615881566	627.4084581102271	306.832615881566
2024-01-09T07:58:36.788Z	652.7706343171338	312.51530850130285	652.7706343171338	342.51530850130285
2024-01-09T07:58:36.850Z	695.7243002345024	360.73801770314145	695.7243002345024	390.73801770314145
2024-01-09T07:58:36.932Z	783.6571843227224	377.67207534115204	783.6571843227224	407.67207534115204
2024-01-09T07:58:36.995Z	906.0858479911371	290.377337555169	906.0858479911371	320.377337555169
2024-01-09T07:58:37.089Z	1032.25275086978	329.9378429028544	1032.25275086978	359.9378429028544
2024-01-09T07:58:37.136Z	1062.2913208539353	376.5886706911624	1062.2913208539353	406.5886706911624
2024-01-09T07:58:37.218Z	1048.0293602132724	370.38875264176096	1048.0293602132724	400.38875264176096
2024-01-09T07:58:37.280Z	1181.402616745925	318.21205086416114	1181.402616745925	348.21205086416114
2024-01-09T07:58:37.361Z	1221.9078776140389	324.12071349813385	1221.9078776140389	354.12071349813385
2024-01-09T07:58:37.421Z	1273.1416298629308	333.01500949492885	1273.1416298629308	363.01500949492885
2024-01-09T07:58:37.502Z	1296.846342208771	345.5745425149217	1296.846342208771	375.5745425149217
2024-01-09T07:58:37.565Z	1186.9618989397713	393.3276432574919	1186.9618989397713	423.3276432574919
2024-01-09T07:58:37.661Z	965.8844914432296	272.40638303361794	965.8844914432296	302.40638303361794
2024-01-09T07:58:37.707Z	891.8789035762077	213.29083554901348	891.8789035762077	243.29083554901348
2024-01-09T07:58:37.789Z	842.5879975031443	182.36842709743604	842.5879975031443	212.36842709743604
2024-01-09T07:58:37.850Z	761.1198260146084	105.50800775764057	761.1198260146084	135.50800775764057
2024-01-09T07:58:37.930Z	813.4554541755138	58.25416988407606	813.4554541755138	88.25416988407606
2024-01-09T07:58:37.990Z	704.3699144020932	138.1156267214564	704.3699144020932	168.1156267214564
2024-01-09T07:58:38.071Z	778.9269630729121	153.65839320644608	778.9269630729121	183.65839320644608
2024-01-09T07:58:38.133Z	1042.139894066007	222.9610328700204	1042.139894066007	252.9610328700204
2024-01-09T07:58:38.229Z	1184.031206343259	352.7042076468913	1184.031206343259	382.7042076468913
2024-01-09T07:58:38.275Z	1249.1805301422846	359.3482224459628	1249.1805301422846	389.3482224459628
2024-01-09T07:58:38.357Z	1287.1972018945814	384.1396877214216	1287.1972018945814	414.1396877214216
2024-01-09T07:58:38.419Z	1256.3585676502814	377.5009906817594	1256.3585676502814	407.5009906817594
2024-01-09T07:58:38.498Z	1233.9431197411577	316.40291165760584	1233.9431197411577	346.40291165760584
2024-01-09T07:58:38.560Z	1123.8239964381478	214.75033267406414	1123.8239964381478	244.75033267406414
2024-01-09T07:58:38.640Z	996.7879144831642	239.20771395788148	996.7879144831642	269.2077139578815
2024-01-09T07:58:38.702Z	987.8021189190958	400.92283235663393	987.8021189190958	430.92283235663393
2024-01-09T07:58:38.797Z	1052.3191126252623	403.3554003229481	1052.3191126252623	433.3554003229481
2024-01-09T07:58:38.845Z	950.8819231527144	367.0189800700696	950.8819231527144	397.0189800700696
2024-01-09T07:58:38.925Z	953.4676337147918	272.65381798163554	953.4676337147918	302.65381798163554
2024-01-09T07:58:38.986Z	879.5582040280162	199.55496088806288	879.5582040280162	229.55496088806288
2024-01-09T07:58:39.066Z	811.119958414438	193.206224044158	811.119958414438	223.206224044158
2024-01-09T07:58:39.127Z	654.0350868152659	205.46818710543653	654.0350868152659	235.46818710543653
2024-01-09T07:58:39.208Z	627.3552656484903	200.40723958497082	627.3552656484903	230.40723958497082
2024-01-09T07:58:39.270Z	509.811806265118	244.42613993049622	509.811806265118	274.4261399304962
2024-01-09T07:58:39.364Z	591.8247424725784	333.81736466586244	591.8247424725784	363.81736466586244
2024-01-09T07:58:39.411Z	694.7126538436959	332.60788943627205	694.7126538436959	362.60788943627205
2024-01-09T07:58:39.492Z	596.8972358613312	329.05863727813926	596.8972358613312	359.05863727813926
2024-01-09T07:58:39.554Z	352.51659857498584	371.5859957949282	352.51659857498584	401.5859957949282
2024-01-09T07:58:39.634Z	346.6951784680343	303.33592519762897	346.6951784680343	333.33592519762897
2024-01-09T07:58:39.692Z	467.14865841762105	221.07861810681857	467.14865841762105	251.07861810681857
2024-01-09T07:58:39.774Z	440.7160087921153	213.60759185947782	440.7160087921153	243.60759185947782
2024-01-09T07:58:39.835Z	450.5667240951526	188.68163187170552	450.5667240951526	218.68163187170552
2024-01-09T07:58:39.931Z	549.3612041843634	179.1820848437879	549.3612041843634	209.1820848437879
2024-01-09T07:58:39.977Z	597.9589775559655	218.7239088354563	597.9589775559655	248.7239088354563
2024-01-09T07:58:40.059Z	690.6629024665451	235.33779738119114	690.6629024665451	265.33779738119114
2024-01-09T07:58:40.121Z	680.7959288810048	276.8175875728135	680.7959288810048	306.8175875728135
2024-01-09T07:58:40.199Z	770.1356352454535	277.6869741366423	770.1356352454535	307.6869741366423
2024-01-09T07:58:40.262Z	779.5914026985648	284.57652085071487	779.5914026985648	314.57652085071487
2024-01-09T07:58:40.342Z	757.6962052264471	259.51229073869393	757.6962052264471	289.51229073869393
2024-01-09T07:58:40.405Z	666.3488472905933	234.12200108845616	666.3488472905933	264.12200108845616
2024-01-09T07:58:40.486Z	621.5153130615056	247.90207242203587	621.5153130615056	277.90207242203587
2024-01-09T07:58:40.579Z	561.7459024747095	276.87795483588155	561.7459024747095	306.87795483588155
2024-01-09T07:58:40.629Z	556.5209797277915	236.31120399576622	556.5209797277915	266.3112039957662
2024-01-09T07:58:40.690Z	648.8590906794291	218.1389555608111	648.8590906794291	248.1389555608111
2024-01-09T07:58:40.769Z	704.4945657912491	222.94323322060458	704.4945657912491	252.94323322060458
2024-01-09T07:58:40.831Z	724.2925609989588	196.9059634027025	724.2925609989588	226.9059634027025
2024-01-09T07:58:40.912Z	790.0908941118362	200.02739080911715	790.0908941118362	230.02739080911715
2024-01-09T07:58:40.975Z	846.3280090912438	247.437237135844	846.3280090912438	277.437237135844
2024-01-09T07:58:41.055Z	840.8063599763325	230.31286189248155	840.8063599763325	260.3128618924816
2024-01-09T07:58:41.149Z	861.2568696822198	234.8280145700729	861.2568696822198	264.8280145700729
2024-01-09T07:58:41.198Z	890.450976468282	201.06494111158116	890.450976468282	231.06494111158116
2024-01-09T07:58:41.259Z	864.6851669559367	248.91104223336131	864.6851669559367	278.9110422333613
2024-01-09T07:58:41.354Z	769.389464897374	230.73779280018297	769.389464897374	260.737792800183
2024-01-09T07:58:41.400Z	718.5081925590692	200.16307406986024	718.5081925590692	230.16307406986024
2024-01-09T07:58:41.482Z	793.381582091042	241.81997027615193	793.381582091042	271.81997027615193
2024-01-09T07:58:41.544Z	974.055250562708	301.47053919581816	974.055250562708	331.47053919581816
2024-01-09T07:58:41.624Z	1090.5344842730783	264.49481113912964	1090.5344842730783	294.49481113912964
2024-01-09T07:58:41.718Z	1357.415745626059	333.06168458694	1357.415745626059	363.06168458694
2024-01-09T07:58:41.784Z	1641.8332651160842	468.35758950410684	1641.8332651160842	498.35758950410684
2024-01-09T07:58:41.830Z	1696.7551093302995	447.7356165003244	1696.7551093302995	477.7356165003244
2024-01-09T07:58:41.913Z	1777.3345851834804	461.8616673021402	1777.3345851834804	491.8616673021402
2024-01-09T07:58:41.975Z	1756.0947164075303	553.4258200499426	1756.0947164075303	583.4258200499426
2024-01-09T07:58:42.070Z	1599.554295568701	610.6977579109191	1599.554295568701	640.6977579109191
2024-01-09T07:58:42.116Z	1569.519760197112	523.4778876421608	1569.519760197112	553.4778876421608
2024-01-09T07:58:42.197Z	1453.693886464821	547.6326883039208	1453.693886464821	577.6326883039208
2024-01-09T07:58:42.260Z	1311.7952619720345	537.4317906568365	1311.7952619720345	567.4317906568365
2024-01-09T07:58:42.340Z	1225.5732292587588	646.5902875117233	1225.5732292587588	676.5902875117233
2024-01-09T07:58:42.400Z	1066.3979028817387	773.2930533302792	1066.3979028817387	803.2930533302792
2024-01-09T07:58:42.481Z	1024.4095821334056	644.8656022667399	1024.4095821334056	674.8656022667399
2024-01-09T07:58:42.543Z	726.0157917224587	397.1268387454892	726.0157917224587	427.1268387454892
2024-01-09T07:58:42.637Z	626.8763719271166	234.958377386557	626.8763719271166	264.958377386557
2024-01-09T07:58:42.684Z	541.7174319808232	154.60148691084476	541.7174319808232	184.60148691084476
2024-01-09T07:58:42.765Z	559.2013094687221	76.83866169075513	559.2013094687221	106.83866169075513
2024-01-09T07:58:42.827Z	570.4063944582576	25.993060524097956	570.4063944582576	55.993060524097956
2024-01-09T07:58:42.906Z	537.6514636288298	41.98693808248015	537.6514636288298	71.98693808248015
2024-01-09T07:58:42.967Z	510.1583567468332	3.1314179560862954	510.1583567468332	33.131417956086295
2024-01-09T07:58:43.049Z	605.8106386519996	31.13095364979407	605.8106386519996	61.130953649794066
2024-01-09T07:58:43.110Z	826.4165378583891	140.04201499480592	826.4165378583891	170.04201499480592
2024-01-09T07:58:43.205Z	969.6785387743449	368.93193324364245	969.6785387743449	398.93193324364245
2024-01-09T07:58:43.251Z	1029.0102656826507	464.45864320640385	1029.0102656826507	494.45864320640385
2024-01-09T07:58:43.332Z	1145.2303948728788	550.3952741612443	1145.2303948728788	580.3952741612443
2024-01-09T07:58:43.394Z	1211.1039890461616	583.116509764033	1211.1039890461616	613.116509764033
2024-01-09T07:58:43.473Z	1133.336554526817	523.6794316389111	1133.336554526817	553.6794316389111
2024-01-09T07:58:43.534Z	962.2339492522755	447.9704303031584	962.2339492522755	477.9704303031584
2024-01-09T07:58:43.616Z	962.3206205168552	410.0684532538526	962.3206205168552	440.0684532538526
2024-01-09T07:58:43.678Z	1024.8268511972917	333.7662003415521	1024.8268511972917	363.7662003415521
2024-01-09T07:58:43.772Z	1166.2548002817878	262.5372654412518	1166.2548002817878	292.5372654412518
2024-01-09T07:58:43.818Z	1141.414768873791	325.76632056764134	1141.414768873791	355.76632056764134
2024-01-09T07:58:43.899Z	1150.8055360619942	279.6014450117819	1150.8055360619942	309.6014450117819
2024-01-09T07:58:43.962Z	842.486053833663	-23.323756850015144	842.486053833663	6.676243149984856
2024-01-09T07:58:44.043Z	601.4938571392711	-204.69782656558198	601.4938571392711	-174.69782656558198
2024-01-09T07:58:44.103Z	112.02870396687216	-308.24097286306153	112.02870396687216	-283.24097286306153
2024-01-09T07:58:44.184Z	428.0077008266837	-77.75249236469199	428.0077008266837	-52.75249236469199
2024-01-09T07:58:44.247Z	987.9068289363383	294.62131223982453	987.9068289363383	319.62131223982453
2024-01-09T07:58:44.341Z	1154.57378734431	506.43515539731476	1154.57378734431	531.4351553973147
2024-01-09T07:58:44.438Z	1005.5830137640472	619.5798236818902	1005.5830137640472	644.5798236818902
2024-01-09T07:58:44.532Z	852.8278385546963	640.0724393409974	852.8278385546963	665.0724393409974
2024-01-09T07:58:44.626Z	659.9028596821545	529.0717439841771	659.9028596821545	554.0717439841771
2024-01-09T07:58:44.721Z	640.2185907328746	404.29025307259286	640.2185907328746	429.29025307259286
2024-01-09T07:58:44.800Z	586.4277101259457	319.26835737601493	586.4277101259457	344.26835737601493
2024-01-09T07:58:44.864Z	574.0975742831712	205.00419757676062	574.0975742831712	230.00419757676062
2024-01-09T07:58:44.978Z	571.3616622312177	203.82188719196608	571.3616622312177	228.82188719196608
2024-01-09T07:58:45.004Z	599.3872578856689	216.14924850351318	599.3872578856689	241.14924850351318
2024-01-09T07:58:45.123Z	697.099310620594	193.52942759416575	697.099310620594	218.52942759416575
2024-01-09T07:58:45.149Z	716.3725596508461	209.69234437039893	716.3725596508461	234.69234437039893
2024-01-09T07:58:45.231Z	737.7961739913148	262.7700820465869	737.7961739913148	287.7700820465869
2024-01-09T07:58:45.293Z	747.8220318336511	406.6535967864528	747.8220318336511	431.6535967864528
2024-01-09T07:58:45.373Z	956.0104340947145	476.0985496111692	956.0104340947145	501.0985496111692
2024-01-09T07:58:45.469Z	1316.4439062525407	561.051656122688	1316.4439062525407	586.051656122688
2024-01-09T07:58:45.517Z	1372.5319215466325	565.5628897557448	1372.5319215466325	590.5628897557448
2024-01-09T07:58:45.578Z	1665.72668032326	612.7387896376907	1665.72668032326	637.7387896376907
2024-01-09T07:58:45.673Z	1702.0082196752162	712.3607481771239	1702.0082196752162	737.3607481771239
2024-01-09T07:58:45.720Z	1668.2669638616628	722.9524836470634	1668.2669638616628	747.9524836470634
2024-01-09T07:58:45.801Z	1676.7744406086356	723.7880870148329	1676.7744406086356	748.7880870148329
2024-01-09T07:58:45.862Z	1598.6607037467622	750.1138107136909	1598.6607037467622	775.1138107136909
2024-01-09T07:58:45.941Z	1529.5213846295985	755.3372246101372	1529.5213846295985	780.3372246101372
2024-01-09T07:58:46.035Z	1337.4418608981105	698.4075126110398	1337.4418608981105	723.4075126110398
2024-01-09T07:58:46.083Z	1379.763718918196	713.9921357731248	1379.763718918196	738.9921357731248
2024-01-09T07:58:46.144Z	1338.3109711268141	525.5802723447499	1338.3109711268141	550.5802723447499
2024-01-09T07:58:46.239Z	1011.4164667840856	443.17728613231725	1011.4164667840856	468.17728613231725
2024-01-09T07:58:46.285Z	935.8159678239654	477.9809648523843	935.8159678239654	502.9809648523843
2024-01-09T07:58:46.365Z	878.5354971642467	453.19088681550085	878.5354971642467	478.19088681550085
2024-01-09T07:58:46.429Z	781.9052728507934	428.7998188968482	781.9052728507934	453.7998188968482
2024-01-09T07:58:46.509Z	773.3823447117343	410.04144902248197	773.3823447117343	435.04144902248197
2024-01-09T07:58:46.569Z	768.8277728779085	276.0014662689188	768.8277728779085	301.0014662689188
2024-01-09T07:58:46.650Z	781.9829357194503	234.98248880275537	781.9829357194503	259.98248880275537
2024-01-09T07:58:46.712Z	862.0560627989997	351.54030098236353	862.0560627989997	376.54030098236353
2024-01-09T07:58:46.792Z	921.3870055467636	398.48188455592515	921.3870055467636	423.48188455592515
2024-01-09T07:58:46.854Z	916.1866726938032	516.3243808436696	916.1866726938032	541.3243808436696
2024-01-09T07:58:46.934Z	945.3195503302978	543.9023772077052	945.3195503302978	568.9023772077052
2024-01-09T07:58:47.030Z	918.8312849301998	436.9716289846248	918.8312849301998	461.9716289846248
2024-01-09T07:58:47.078Z	998.2978105924658	509.27222995708064	998.2978105924658	534.2722299570806
2024-01-09T07:58:47.140Z	1071.997167096308	616.5196175572374	1071.997167096308	641.5196175572374
2024-01-09T07:58:47.221Z	1122.3068385525023	634.7229151634491	1122.3068385525023	659.7229151634491
2024-01-09T07:58:47.281Z	1195.0984132122962	656.8319088128193	1195.0984132122962	681.8319088128193
2024-01-09T07:58:47.363Z	1165.0340270025906	578.5342719081647	1165.0340270025906	603.5342719081647
2024-01-09T07:58:47.425Z	1038.2400894258694	493.2852419427466	1038.2400894258694	518.2852419427466
2024-01-09T07:58:47.520Z	972.1170493372935	379.54717448449003	972.1170493372935	404.54717448449003
2024-01-09T07:58:47.565Z	947.709196409802	337.5052728220892	947.709196409802	362.5052728220892
2024-01-09T07:58:47.646Z	892.8379878097935	244.59336276544744	892.8379878097935	269.5933627654474
2024-01-09T07:58:47.709Z	900.5157414882738	169.66361127755718	900.5157414882738	194.66361127755718
2024-01-09T07:58:47.790Z	841.6988809314848	232.9810652294652	841.6988809314848	257.98106522946523
2024-01-09T07:58:47.851Z	651.7909763020723	176.02012117163014	651.7909763020723	201.02012117163014
2024-01-09T07:58:47.930Z	620.6909028085477	202.2181457056239	620.6909028085477	227.2181457056239
2024-01-09T07:58:47.993Z	630.6229816783971	228.49545384168212	630.6229816783971	253.49545384168212
2024-01-09T07:58:48.073Z	546.7361458285004	229.14749761167405	546.7361458285004	254.14749761167405
2024-01-09T07:58:48.168Z	517.7348410265748	327.0377700788008	517.7348410265748	352.0377700788008
2024-01-09T07:58:48.215Z	444.93572128070997	308.7118794108659	444.93572128070997	333.7118794108659
2024-01-09T07:58:48.277Z	367.69064807121737	356.5345713076241	367.69064807121737	381.5345713076241
2024-01-09T07:58:48.358Z	469.6509618621398	441.24945704077834	469.6509618621398	466.24945704077834
2024-01-09T07:58:48.488Z	560.852900693402	366.65016447040955	560.852900693402	391.65016447040955
2024-01-09T07:58:48.517Z	606.0196518035098	385.89055532164525	606.0196518035098	410.89055532164525
2024-01-09T07:58:48.645Z	809.2333871851712	258.6140755632965	809.2333871851712	283.6140755632965
2024-01-09T07:58:48.681Z	880.4897501740069	347.9870641145193	880.4897501740069	372.9870641145193
2024-01-09T07:58:48.763Z	849.5854784179787	333.9560979507179	849.5854784179787	358.9560979507179
2024-01-09T07:58:48.826Z	587.4286115737258	465.47396692918835	587.4286115737258	490.47396692918835
2024-01-09T07:58:48.906Z	511.4396259052713	424.40305189722665	511.4396259052713	449.40305189722665
2024-01-09T07:58:48.968Z	812.0000439020409	405.2557279640446	812.0000439020409	430.2557279640446
2024-01-09T07:58:49.062Z	678.8079600004778	294.80597939315925	678.8079600004778	319.80597939315925
2024-01-09T07:58:49.109Z	622.9075041887376	416.09754855561806	622.9075041887376	441.09754855561806
2024-01-09T07:58:49.191Z	779.1610033553023	304.5938901408087	779.1610033553023	329.5938901408087
2024-01-09T07:58:49.253Z	805.941979470846	288.14351204498564	805.941979470846	313.14351204498564
2024-01-09T07:58:49.331Z	714.8690942251206	417.6971267169332	714.8690942251206	442.6971267169332
2024-01-09T07:58:49.429Z	821.0066977702568	620.5942204842121	821.0066977702568	645.5942204842121
2024-01-09T07:58:49.479Z	772.5779377402687	607.7112665965694	772.5779377402687	632.7112665965694
2024-01-09T07:58:49.542Z	786.1647361466465	488.47657976651533	786.1647361466465	513.4765797665153
2024-01-09T07:58:49.625Z	733.3766561158586	495.2681208812891	733.3766561158586	520.2681208812892
2024-01-09T07:58:49.687Z	645.6647543741642	487.79737959507474	645.6647543741642	512.7973795950747
2024-01-09T07:58:49.772Z	573.0751891767524	549.4111303387564	573.0751891767524	574.4111303387564
2024-01-09T07:58:49.834Z	472.29385143752734	607.3271904288873	472.29385143752734	632.3271904288873
2024-01-09T07:58:49.933Z	386.9135597741723	487.19578465090956	386.9135597741723	512.1957846509096
2024-01-09T07:58:49.982Z	333.8405220962038	487.5905965469382	333.8405220962038	512.5905965469382
2024-01-09T07:58:50.067Z	319.5613187359695	518.5517095849485	319.5613187359695	543.5517095849485
2024-01-09T07:58:50.132Z	377.6843736449345	522.914483248483	377.6843736449345	547.914483248483
2024-01-09T07:58:50.232Z	460.91481295604876	572.8753370840261	460.91481295604876	597.8753370840261
2024-01-09T07:58:50.282Z	489.9854985079759	573.8761977431108	489.9854985079759	598.8761977431108
2024-01-09T07:58:50.368Z	469.41944139938016	658.6267197171453	469.41944139938016	683.6267197171453
2024-01-09T07:58:50.432Z	353.8359850328427	626.4240178503162	353.8359850328427	651.4240178503162
2024-01-09T07:58:50.532Z	341.68791724461676	573.8381483618205	341.68791724461676	598.8381483618205
2024-01-09T07:58:50.583Z	453.44396290215764	511.0117346701826	453.44396290215764	536.0117346701826
2024-01-09T07:58:50.670Z	446.8032144146589	516.3190969933091	446.8032144146589	541.3190969933091
2024-01-09T07:58:50.733Z	335.410886606414	344.4590247535627	335.410886606414	369.4590247535627
2024-01-09T07:58:50.834Z	281.7301769188729	264.99772805765656	281.7301769188729	289.99772805765656
2024-01-09T07:58:50.882Z	293.2039797742614	271.0821454797195	293.2039797742614	296.0821454797195
2024-01-09T07:58:50.969Z	260.3042301770113	329.27791231149376	260.3042301770113	354.27791231149376
2024-01-09T07:58:51.034Z	210.85086838326686	458.9723550344047	210.85086838326686	483.9723550344047
2024-01-09T07:58:51.133Z	118.36550127006458	615.6950608453524	118.36550127006458	640.6950608453524
2024-01-09T07:58:51.185Z	72.69981489499261	628.9168064952393	72.69981489499261	653.9168064952393
2024-01-09T07:58:51.272Z	-4.8995846783195205	637.421325262989	-4.8995846783195205	662.421325262989
2024-01-09T07:58:51.337Z	247.0189175745217	558.4666372527621	247.0189175745217	583.4666372527621
2024-01-09T07:58:51.437Z	614.0629588183749	456.4809218533419	614.0629588183749	481.4809218533419
2024-01-09T07:58:51.487Z	782.9289848169033	381.2782800376316	782.9289848169033	406.2782800376316
2024-01-09T07:58:51.572Z	753.7307619387374	526.4239495535305	753.7307619387374	551.4239495535305
2024-01-09T07:58:51.634Z	524.3484972313626	610.3934905191123	524.3484972313626	635.3934905191123
2024-01-09T07:58:51.718Z	509.754914338603	614.5869786604746	509.754914338603	639.5869786604746
2024-01-09T07:58:51.781Z	470.9814807336046	601.2384019641659	470.9814807336046	626.2384019641659
2024-01-09T07:58:51.881Z	523.6688432923017	531.9473433478721	523.6688432923017	556.9473433478721
2024-01-09T07:58:51.930Z	486.88435190611096	561.6407859155838	486.88435190611096	586.6407859155838
2024-01-09T07:58:52.016Z	369.53420406844725	524.265989274954	369.53420406844725	549.265989274954
2024-01-09T07:58:52.079Z	323.2069379184621	552.8402520079973	323.2069379184621	577.8402520079973
2024-01-09T07:58:52.179Z	198.21715642451818	613.4111110588553	198.21715642451818	638.4111110588553
2024-01-09T07:58:52.228Z	170.73498318482936	635.450615405823	170.73498318482936	660.450615405823
2024-01-09T07:58:52.314Z	232.95529808759272	592.7115583353908	232.95529808759272	617.7115583353908
2024-01-09T07:58:52.377Z	297.9273898759823	548.7153705530321	297.9273898759823	573.7153705530321
2024-01-09T07:58:52.476Z	240.37024796922339	493.7249158772953	240.37024796922339	518.7249158772953
2024-01-09T07:58:52.527Z	263.7944407352175	517.1809171416271	263.7944407352175	542.1809171416271
2024-01-09T07:58:52.614Z	232.2938244304766	552.2305466418771	232.2938244304766	577.2305466418771
2024-01-09T07:58:52.677Z	259.6895398580175	611.4015543050164	259.6895398580175	636.4015543050164
2024-01-09T07:58:52.777Z	279.42550845888724	814.7048209259913	279.42550845888724	839.7048209259913
2024-01-09T07:58:52.826Z	230.06486876212546	864.6778318966427	230.06486876212546	889.6778318966427
2024-01-09T07:58:52.915Z	289.5822191430236	830.3304615811	289.5822191430236	855.3304615811
2024-01-09T07:58:52.978Z	343.9601807213402	743.0487056233137	343.9601807213402	768.0487056233137
2024-01-09T07:58:53.079Z	346.38290811475554	686.1408610817391	346.38290811475554	711.1408610817391
2024-01-09T07:58:53.129Z	319.0102874133045	696.3497023450321	319.0102874133045	721.3497023450321
2024-01-09T07:58:53.218Z	342.8529136447758	701.976379648892	342.8529136447758	726.976379648892
2024-01-09T07:58:53.282Z	342.36149459379374	718.6825111254038	342.36149459379374	743.6825111254038
2024-01-09T07:58:53.382Z	324.4033551790358	729.3589862973444	324.4033551790358	754.3589862973444
2024-01-09T07:58:53.433Z	320.62634759973025	714.7257827179087	320.62634759973025	739.7257827179087
2024-01-09T07:58:53.520Z	327.76688453561434	786.9731456990537	327.76688453561434	811.9731456990537
2024-01-09T07:58:53.584Z	286.56146005741994	842.1373666914816	286.56146005741994	867.1373666914816
2024-01-09T07:58:53.683Z	315.7668668425232	830.8344168092003	315.7668668425232	860.8344168092003
2024-01-09T07:58:53.730Z	344.01320296889764	833.6509510129868	344.01320296889764	863.6509510129868
2024-01-09T07:58:53.816Z	362.90552701404977	789.6728158735646	362.90552701404977	819.6728158735646
2024-01-09T07:58:53.878Z	428.5342976870503	705.3897818356103	428.5342976870503	735.3897818356103
2024-01-09T07:58:53.974Z	362.7829291118807	704.5534827144859	362.7829291118807	734.5534827144859
2024-01-09T07:58:54.024Z	377.80834734941664	714.8012741334678	377.80834734941664	744.8012741334678
2024-01-09T07:58:54.109Z	293.131900844347	755.3194744497154	293.131900844347	785.3194744497154
2024-01-09T07:58:54.171Z	260.1347415121546	814.7133051319576	260.1347415121546	844.7133051319576
2024-01-09T07:58:54.252Z	274.79185699218755	810.2658745804257	274.79185699218755	840.2658745804257
2024-01-09T07:58:54.348Z	337.84710801711657	848.5395196089767	337.84710801711657	878.5395196089767
2024-01-09T07:58:54.399Z	419.5263823111407	834.5881774500142	419.5263823111407	864.5881774500142
2024-01-09T07:58:54.461Z	441.8823680264953	847.7960496034572	441.8823680264953	882.7960496034572
2024-01-09T07:58:54.544Z	519.9044929141509	761.4228457727088	519.9044929141509	796.4228457727088
2024-01-09T07:58:54.606Z	498.2097374522578	755.1436791462539	498.2097374522578	790.1436791462539
2024-01-09T07:58:54.688Z	442.39021874008336	778.6759142432726	442.39021874008336	813.6759142432726
2024-01-09T07:58:54.752Z	363.95947619121125	719.6633523674057	363.95947619121125	754.6633523674057
2024-01-09T07:58:54.848Z	418.17786203977846	520.6202420087593	418.17786203977846	555.6202420087593
2024-01-09T07:58:54.894Z	513.1222235453705	494.91772062169304	513.1222235453705	529.917720621693
2024-01-09T07:58:54.975Z	572.9198122319144	445.3863200851737	572.9198122319144	480.3863200851737
2024-01-09T07:58:55.039Z	599.5680821177762	426.00297866702454	599.5680821177762	461.00297866702454
2024-01-09T07:58:55.118Z	577.5559963331001	446.18154710554677	577.5559963331001	481.18154710554677
2024-01-09T07:58:55.179Z	523.1042502045252	542.6664866445549	523.1042502045252	577.6664866445549
2024-01-09T07:58:55.261Z	470.3921363802233	604.7999459152387	470.3921363802233	639.7999459152387
2024-01-09T07:58:55.323Z	482.59296926872685	656.1446006485913	482.59296926872685	691.1446006485913
2024-01-09T07:58:55.403Z	412.34018060234644	642.6814165444792	412.34018060234644	677.6814165444792
2024-01-09T07:58:55.464Z	476.9830629074405	711.9787493823288	476.9830629074405	746.9787493823288
2024-01-09T07:58:55.545Z	535.3259520063436	818.710499638002	535.3259520063436	853.710499638002
2024-01-09T07:58:55.640Z	583.6568646721928	904.0105049659172	583.6568646721928	944.0105049659172
2024-01-09T07:58:55.689Z	677.7306123996036	803.1676522704527	677.7306123996036	843.1676522704527
2024-01-09T07:58:55.750Z	645.0756458663584	703.6442115715365	645.0756458663584	743.6442115715365
2024-01-09T07:58:55.828Z	769.1617061957331	617.0992838124099	769.1617061957331	657.0992838124099
2024-01-09T07:58:55.892Z	898.3563045421791	605.0514495139115	898.3563045421791	645.0514495139115
2024-01-09T07:58:55.974Z	849.112462077911	614.0579031788171	849.112462077911	654.0579031788171
2024-01-09T07:58:56.037Z	889.874044340934	574.3165647124488	889.874044340934	614.3165647124488
2024-01-09T07:58:56.131Z	850.8929501327721	461.3504957419483	850.8929501327721	501.3504957419483
2024-01-09T07:58:56.179Z	769.7428032265043	436.5076919253418	769.7428032265043	476.5076919253418
2024-01-09T07:58:56.260Z	730.9288125228215	460.66537106529853	730.9288125228215	500.66537106529853
2024-01-09T07:58:56.321Z	613.2372062679535	480.32100210065727	613.2372062679535	520.3210021006573
2024-01-09T07:58:56.402Z	538.1524702681693	482.6453928735751	538.1524702681693	522.645392873575
2024-01-09T07:58:56.462Z	457.5070145348765	547.5519336614302	457.5070145348765	587.5519336614302
2024-01-09T07:58:56.543Z	499.97319300105823	604.4712156511415	499.97319300105823	644.4712156511415
2024-01-09T07:58:56.606Z	385.2547155922115	548.8078071391477	385.2547155922115	588.8078071391477
2024-01-09T07:58:56.685Z	434.78851581149877	515.8102278747323	434.78851581149877	555.8102278747323
2024-01-09T07:58:56.746Z	578.7883598911475	406.44718507686014	578.7883598911475	446.44718507686014
2024-01-09T07:58:56.827Z	646.4581397820257	396.12614017350904	646.4581397820257	436.12614017350904
2024-01-09T07:58:56.887Z	748.5137358680668	377.4680776919156	748.5137358680668	417.4680776919156
2024-01-09T07:58:56.969Z	764.3881935393656	342.090195919724	764.3881935393656	382.090195919724
2024-01-09T07:58:57.029Z	941.2320362027848	353.3750803084121	941.2320362027848	393.3750803084121
2024-01-09T07:58:57.123Z	940.9835633387669	359.1213994787527	940.9835633387669	399.1213994787527
2024-01-09T07:58:57.169Z	934.9120167928327	378.65198448439986	934.9120167928327	418.65198448439986
2024-01-09T07:58:57.250Z	876.8845165702176	329.31693969010195	876.8845165702176	369.31693969010195
2024-01-09T07:58:57.312Z	818.582080130125	240.2555770804014	818.582080130125	280.2555770804014
2024-01-09T07:58:57.390Z	781.8253585272873	187.28059761835283	781.8253585272873	227.28059761835283
2024-01-09T07:58:57.452Z	688.448772962702	197.0225544462634	688.448772962702	237.0225544462634
2024-01-09T07:58:57.532Z	753.649425015348	195.7697979096406	753.649425015348	235.7697979096406
2024-01-09T07:58:57.595Z	681.4605571292036	248.66751902461817	681.4605571292036	288.6675190246182
2024-01-09T07:58:57.676Z	643.5725243922259	352.614692525443	643.5725243922259	392.614692525443
2024-01-09T07:58:57.771Z	515.9510611819381	513.3733082838106	515.9510611819381	553.3733082838106
2024-01-09T07:58:57.834Z	365.710439536264	636.1220200752215	365.710439536264	676.1220200752215
2024-01-09T07:58:57.930Z	307.01351028083684	717.438190852032	307.01351028083684	757.438190852032
2024-01-09T07:58:58.060Z	249.52316307894768	744.6166380328037	249.52316307894768	784.6166380328037
2024-01-09T07:58:58.110Z	230.53062692103586	735.1530896629171	230.53062692103586	775.1530896629171
2024-01-09T07:58:58.173Z	238.32689822050742	623.6781927992226	238.32689822050742	663.6781927992226
2024-01-09T07:58:58.293Z	202.12608238963765	673.845294489921	202.12608238963765	713.845294489921
2024-01-09T07:58:58.319Z	233.3541761398178	719.3699119098036	233.3541761398178	759.3699119098036
2024-01-09T07:58:58.447Z	199.21650766421118	660.8419974423256	199.21650766421118	700.8419974423256
2024-01-09T07:58:58.473Z	161.69332449247537	725.9165977743962	161.69332449247537	765.9165977743962
2024-01-09T07:58:58.598Z	107.38461700897933	767.8629474421462	107.38461700897933	807.8629474421462
2024-01-09T07:58:58.623Z	47.12934004309442	848.2290507780251	47.12934004309442	893.2290507780251
2024-01-09T07:58:58.748Z	164.0718951027098	764.9521898611661	164.0718951027098	809.9521898611661
2024-01-09T07:58:58.774Z	289.06716047605147	611.9588156808611	289.06716047605147	656.9588156808611
2024-01-09T07:58:58.898Z	346.5551134137578	423.12282922101156	346.5551134137578	468.12282922101156
2024-01-09T07:58:58.924Z	354.0630445380941	221.45612934731946	354.0630445380941	266.45612934731946
2024-01-09T07:58:59.046Z	336.9648544370043	121.53491928600079	336.9648544370043	166.5349192860008
2024-01-09T07:58:59.073Z	326.6242606306972	28.4353624498649	326.6242606306972	73.4353624498649
2024-01-09T07:58:59.194Z	323.8311314867499	41.12582010072909	323.8311314867499	86.12582010072909
2024-01-09T07:58:59.221Z	317.5289042274662	91.75562819044714	317.5289042274662	136.75562819044714
2024-01-09T07:58:59.345Z	283.29184090122584	142.35822943409744	283.29184090122584	187.35822943409744
2024-01-09T07:58:59.371Z	267.56157334657985	75.16609618541477	267.56157334657985	120.16609618541477
2024-01-09T07:58:59.493Z	384.25360781181803	83.35477634345591	384.25360781181803	128.3547763434559
2024-01-09T07:58:59.520Z	567.144350487985	102.46327615344308	567.144350487985	147.46327615344308
2024-01-09T07:58:59.645Z	442.49246759734706	95.19508689745028	442.49246759734706	140.19508689745027
2024-01-09T07:58:59.671Z	254.12306898096512	95.15566671414193	254.12306898096512	140.15566671414194
2024-01-09T07:58:59.795Z	150.99662461664866	132.11314851432135	150.99662461664866	177.11314851432135
2024-01-09T07:58:59.821Z	29.608641546105435	147.37179435534125	29.608641546105435	192.37179435534125
2024-01-09T07:58:59.949Z	92.85359873851644	197.373359006835	92.85359873851644	242.373359006835
2024-01-09T07:58:59.979Z	217.3131911088559	133.90517292640754	217.3131911088559	178.90517292640754
2024-01-09T07:59:00.096Z	249.31270243211503	205.2541308269111	249.31270243211503	250.2541308269111
2024-01-09T07:59:00.121Z	289.4456288119959	268.89458611668067	289.4456288119959	313.89458611668067